-7.500000000000000000e+01	0.000000000000000000e+00	0.000000000000000000e+00
-7.299813780260707574e+01	4.735185086718630859e+12	2.851052595214055469e+13
-7.099627560521415148e+01	2.094937659105243750e+13	6.876151556957801562e+13
-6.899441340782122722e+01	5.120388784804851562e+13	1.235647071384575000e+14
-6.699255121042830297e+01	9.831466312041843750e+13	1.994397109555545625e+14
-6.499068901303537871e+01	1.670333427383790938e+14	3.080847130950055625e+14
-6.298882681564245445e+01	2.659757879681035312e+14	4.673862908338740000e+14
-6.098696461824953019e+01	4.093829859466934375e+14	7.021897036549787500e+14
-5.898510242085660593e+01	6.185397991226215000e+14	1.045272993079509750e+15
-5.698324022346368167e+01	9.229908902046642500e+14	1.538958180207394500e+15
-5.498137802607075741e+01	1.361912202961303500e+15	2.237561193824770000e+15
-5.297951582867783316e+01	1.986009063368309000e+15	3.210544109721516500e+15
-5.097765363128491600e+01	2.860115251802289000e+15	4.545941765675774000e+15
-4.897579143389199174e+01	4.066358796772355000e+15	6.353499518121688000e+15
-4.697392923649906749e+01	5.707478622208880000e+15	8.766995316505004000e+15
-4.497206703910614323e+01	7.909726789161900000e+15	1.194535253277868000e+16
-4.297020484171321897e+01	1.082479600146957000e+16	1.607226696318250000e+16
-4.096834264432029471e+01	1.463031043625280800e+16	2.135408883881696000e+16
-3.896648044692737045e+01	1.952851132543645200e+16	2.801561090548206000e+16
-3.696461824953444619e+01	2.574278263972272800e+16	3.629328501782224000e+16
-3.496275605214152193e+01	3.351158940940227200e+16	4.642532535204052800e+16
-3.296089385474859768e+01	4.307930445087437600e+16	5.863823809968729600e+16
-3.095903165735567342e+01	5.468337747502178400e+16	7.312956815447235200e+16
-2.895716945996274916e+01	6.853744149015232000e+16	9.004703749633435200e+16
-2.695530726256983201e+01	8.481029949351913600e+16	1.094647102380515680e+17
-2.495344506517690775e+01	1.036012890060434240e+17	1.313573224047271040e+17
-2.295158286778398349e+01	1.249132585397999200e+17	1.555744761985379520e+17
-2.094972067039105923e+01	1.486252785427448960e+17	1.818170645318011520e+17
-1.894785847299813497e+01	1.744682014936882560e+17	2.096190752932318720e+17
-1.694599627560521071e+01	2.020071622756764800e+17	2.383387250106141440e+17
-1.494413407821228645e+01	2.306358114365562560e+17	2.671634129209891200e+17
-1.294227188081936220e+01	2.595870746713491520e+17	2.951328290928369920e+17
-1.094040968342643794e+01	2.879640260601421120e+17	3.211832059556546560e+17
-8.938547486033513678e+00	3.147917010627389440e+17	3.442128607668860160e+17
-6.936685288640589420e+00	3.390864969599450240e+17	3.631649821721038080e+17
-4.934823091247665161e+00	3.599350892485724160e+17	3.771188656557988480e+17
-2.932960893854740902e+00	3.765710683646887040e+17	3.853768988222535680e+17
-9.310986964618166439e-01	3.884364276236327040e+17	3.875331225778428160e+17
1.070763500931107615e+00	3.952175424793150080e+17	3.835112277108193280e+17
3.072625698324031873e+00	3.968509122936795520e+17	3.735653122170483840e+17
5.074487895716956132e+00	3.935008486496503040e+17	3.582441959728083200e+17
7.076350093109880390e+00	3.855170805650736000e+17	3.383272672655109120e+17
9.078212290502804649e+00	3.733830838822764800e+17	3.147445184134060800e+17
1.108007448789572891e+01	3.576653724116380800e+17	2.884944457558951040e+17
1.308193668528865317e+01	3.389709017799054080e+17	2.605710960429074560e+17
1.508379888268157742e+01	3.179157007718040320e+17	2.319071032461051200e+17
1.708566108007450168e+01	2.951043011317275520e+17	2.033348128050338560e+17
1.908752327746742594e+01	2.711173112899711040e+17	1.755639109524936640e+17
2.108938547486033599e+01	2.465037228694330560e+17	1.491719974195063680e+17
2.309124767225326025e+01	2.217749428670635200e+17	1.246041671481284480e+17
2.509310986964618451e+01	1.973986158040938560e+17	1.021783584167903520e+17
2.709497206703910877e+01	1.737915592477529600e+17	8.209432450712691200e+16
2.909683426443203302e+01	1.513122167796205760e+17	6.444507286709328800e+16
3.109869646182495728e+01	1.302537149334855520e+17	4.923021776663267200e+16
3.310055865921788154e+01	1.108388206692582240e+17	3.637087910659246400e+16
3.510242085661080580e+01	9.321788511482576000e+16	2.572566052473442800e+16
3.710428305400373006e+01	7.747036781573144000e+16	1.710703947373997400e+16
3.910614525139665432e+01	6.360994188057355200e+16	1.029735641886405200e+16
4.110800744878957858e+01	5.159264775514435200e+16	5.063581322206948000e+15
4.310986964618250283e+01	4.132720115099850400e+16	1.170167761578894500e+15
4.511173184357542709e+01	3.268640840147338000e+16	-1.610468136286046250e+15
4.711359404096835135e+01	2.551867916264257600e+16	-3.490048378581821500e+15
4.911545623836127561e+01	1.965879493545586800e+16	-4.659080706700578000e+15
5.111731843575419987e+01	1.493732662021047800e+16	-5.283835147237908000e+15
5.311918063314712413e+01	1.118834030483725000e+16	-5.505307705701069000e+15
5.512104283054003417e+01	8.255251826096251000e+15	-5.439763241184041000e+15
5.712290502793297264e+01	5.994869318080135000e+15	-5.180431861397013000e+15
5.912476722532588269e+01	4.279793314555648000e+15	-4.799953719623615000e+15
6.112662942271882116e+01	2.999427130476703000e+15	-4.353215873712133500e+15
6.312849162011173121e+01	2.059890752745646750e+15	-3.880291753638345000e+15
6.513035381750466968e+01	1.383135998443484250e+15	-3.409268453568409500e+15
6.713221601489757973e+01	9.055376910552312500e+14	-2.958819879420555000e+15
6.913407821229051820e+01	5.761946589236072500e+14	-2.540447224486869000e+15
7.113594040968342824e+01	3.551250231106245625e+14	-2.160358016609838750e+15
7.313780260707636671e+01	2.114905703392623750e+14	-1.820990160023381250e+15
7.513966480446927676e+01	1.219405173943252656e+14	-1.522209620425198500e+15
7.714152700186221523e+01	6.912840138633243750e+13	-1.262222553461796750e+15
7.914338919925512528e+01	4.042766532064750781e+13	-1.038247682819196000e+15
8.114525139664806375e+01	2.685093131328356250e+13	-8.469949008138416250e+14
8.314711359404097379e+01	2.216371255129780469e+13	-6.849929807240710000e+14
8.514897579143391226e+01	2.217424279996220312e+13	-5.488040779657615625e+14
8.715083798882682231e+01	2.417624099767034375e+13	-4.351563012682146875e+14
8.915270018621976078e+01	2.651992094894066797e+13	-3.410189506730197500e+14
9.115456238361267083e+01	2.828751714146053516e+13	-2.636388331908633125e+14
9.315642458100560930e+01	2.905209892126219922e+13	-2.005509158908912188e+14
9.515828677839851935e+01	2.870162013738900391e+13	-1.495726557278576562e+14
9.716014897579145781e+01	2.731333796817978906e+13	-1.087885416644993594e+14
9.916201117318436786e+01	2.506656040265943359e+13	-7.652940952907306250e+13
1.011638733705773063e+02	2.218404427298886328e+13	-5.134964351708510156e+13
1.031657355679702164e+02	1.889432971177193750e+13	-3.200425905258474219e+13
1.051675977653631548e+02	1.540897075315963281e+13	-1.742699098774910547e+13
1.071694599627560649e+02	1.191007201113868359e+13	-6.709885730982935547e+12
1.091713221601490034e+02	8.544772154565804688e+12	9.154803135592374268e+11
1.111731843575419134e+02	5.424298657189046875e+12	6.095195406635229492e+12
1.131750465549348519e+02	2.625941056060240723e+12	9.368683301119630859e+12
1.151769087523277619e+02	1.967785643492687073e+11	1.118288708487235352e+13
1.171787709497206720e+02	-1.841683948715397949e+12	1.190499128843429297e+13
1.191806331471136104e+02	-3.488595696993323242e+12	1.183373235799026172e+13
1.211824953445065205e+02	-4.758997989977258789e+12	1.120939389208749609e+13
1.231843575418994590e+02	-5.679498663487899414e+12	1.022262125364747852e+13
1.251862197392923690e+02	-6.284518306079777344e+12	9.022199364903886719e+12
1.271880819366853075e+02	-6.613137724490776367e+12	7.721916755315279297e+12
1.291899441340782175e+02	-6.706515699638379883e+12	6.406603966296715820e+12
1.311918063314711560e+02	-6.605825526898582031e+12	5.137405156876797852e+12
1.331936685288640660e+02	-6.350661174712759766e+12	3.956330315531890137e+12
1.351955307262570045e+02	-5.977870555009593750e+12	2.890141263554032227e+12
1.371973929236499146e+02	-5.520773010075501953e+12	1.953637680848679688e+12
1.391992551210428530e+02	-5.008709695977151367e+12	1.152418186013831055e+12
1.412011173184357631e+02	-4.466865419806456055e+12	4.851897984221770020e+11
1.432029795158287016e+02	-3.916296164880383789e+12	-5.431187332427306366e+10
1.452048417132216116e+02	-3.374101540355706543e+12	-4.757434205580395508e+11
1.472067039106145501e+02	-2.853693762854020020e+12	-7.908777181723985596e+11
1.492085661080074601e+02	-2.365129142686229980e+12	-1.012597749012280151e+12
1.512104283054003986e+02	-1.915479213582383789e+12	-1.154125567553333252e+12
1.532122905027933086e+02	-1.509224326128468506e+12	-1.228449465284368896e+12
1.552141527001862471e+02	-1.148653842458889404e+12	-1.247912433040499268e+12
1.572160148975791572e+02	-8.342570563207266846e+11	-1.223928818129979492e+12
1.592178770949720956e+02	-5.650903717879007568e+11	-1.166802512930655029e+12
1.612197392923650057e+02	-3.391100806794581909e+11	-1.085626636592623413e+12
1.632216014897579441e+02	-1.534653506205828247e+11	-9.882493940925650635e+11
1.652234636871508542e+02	-4.750921074574434280e+09	-8.812929757664616699e+11
1.672253258845437927e+02	1.107779828197155762e+11	-7.702128201700709229e+11
1.692271880819367027e+02	1.970252064063550415e+11	-6.593847838026922607e+11
1.712290502793296412e+02	2.579050202996123047e+11	-5.522088885300361328e+11
1.732309124767225512e+02	2.972234733169749756e+11	-4.512205931155596313e+11
1.752327746741154897e+02	3.185881437002811279e+11	-3.582033716792453003e+11
1.772346368715083997e+02	3.253440406359261475e+11	-2.742988904844189453e+11
1.792364990689013382e+02	3.205323637360776978e+11	-2.001126432672302856e+11
1.812383612662942483e+02	3.068680472485526733e+11	-1.358134888967647400e+11
1.832402234636871867e+02	2.867319242708890381e+11	-8.122555827221549988e+10
1.852420856610800683e+02	2.621739315289829407e+11	-3.591101559164704132e+10
1.872439478584730068e+02	2.349246788512884827e+11	7.574766002814184427e+08
1.892458100558659453e+02	2.064134945338718567e+11	2.953502548053429031e+10
1.912476722532588838e+02	1.777914706488319397e+11	5.125314094237335205e+10
1.932495344506517654e+02	1.499580878094984131e+11	6.677777428308528137e+10
1.952513966480447039e+02	1.235899099895504456e+11	7.697558756978894043e+10
1.972532588454376423e+02	9.916984598382839966e+10	8.268738934519506836e+10
1.992551210428305808e+02	7.701569571529594421e+10	8.470791927231484985e+10
2.012569832402234624e+02	5.730709529213620758e+10	8.377134965489390564e+10
2.032588454376164009e+02	4.011039970138988495e+10	8.054189838534979248e+10
2.052607076350093394e+02	2.540135308616654968e+10	7.560884683151739502e+10
2.072625698324022778e+02	1.308553288922459221e+10	6.948513601886500549e+10
2.092644320297951595e+02	3.016553672973844051e+09	6.260867868596674347e+10
2.112662942271880979e+02	-4.988027177354908943e+09	5.534561136452875519e+10
2.132681564245810364e+02	-1.113316158313635063e+10	4.799488283594277954e+10
2.152700186219739749e+02	-1.563510964343440437e+10	4.079375739325821686e+10
2.172718808193668565e+02	-1.871245758422862244e+10	3.392393868928098679e+10
2.192737430167597950e+02	-2.057912015743096924e+10	2.751807206262533188e+10
2.212756052141527334e+02	-2.143904026092193604e+10	2.166638453770209885e+10
2.232774674115456719e+02	-2.148231026582997131e+10	1.642321703302204514e+10
2.252793296089385535e+02	-2.088249176353804016e+10	1.181322755172178268e+10
2.272811918063314920e+02	-1.979496567449457932e+10	7.837104427943594933e+09
2.292830540037244305e+02	-1.835617512093801498e+10	4.476706611311677933e+09
2.312849162011173689e+02	-1.668362390247192764e+10	1.699615696105173588e+09
2.332867783985102506e+02	-1.487647835567479134e+10	-5.368771742883112431e+08
2.352886405959031890e+02	-1.301661089514210129e+10	-2.282318576708292007e+09
2.372905027932961275e+02	-1.116993333310593414e+10	-3.590152540080260754e+09
2.392923649906890660e+02	-9.387896975001632690e+09	-4.515279641856300354e+09
2.412942271880819476e+02	-7.709073301255021095e+09	-5.112099189166492462e+09
2.432960893854748861e+02	-6.160760142650969505e+09	-5.433003166089015961e+09
2.452979515828678245e+02	-4.760575678009798050e+09	-5.527272053457755089e+09
2.472998137802607062e+02	-3.518007182252342701e+09	-5.440310357584489822e+09
2.493016759776536446e+02	-2.435880387697813988e+09	-5.213158900536442757e+09
2.513035381750465831e+02	-1.511716559261193275e+09	-4.882230008473279953e+09
2.533054003724395216e+02	-7.389519982383860350e+08	-4.479224487551173210e+09
2.553072625698324032e+02	-1.080074312129234374e+08	-4.031199275416548729e+09
2.573091247672253417e+02	3.927920306681535244e+08	-3.560758795243746281e+09
2.593109869646182801e+02	7.764365529121516943e+08	-3.086342431413045406e+09
2.613128491620112186e+02	1.056577912210208058e+09	-2.622578849582153797e+09
2.633147113594041002e+02	1.246991036752673149e+09	-2.180678574986900330e+09
2.653165735567970387e+02	1.361142189321629286e+09	-1.768840611646740675e+09
2.673184357541899772e+02	1.411856689536706686e+09	-1.392655733676220179e+09
2.693202979515829156e+02	1.411078031970143080e+09	-1.055495913996763349e+09
2.713221601489757973e+02	1.369707616558535337e+09	-7.588840638065811396e+08
2.733240223463687357e+02	1.297511919304547071e+09	-5.028402111797420979e+08
2.753258845437616742e+02	1.203083285951693058e+09	-2.862003311368432045e+08
2.773277467411546127e+02	1.093841944287035465e+09	-1.069038117697711140e+08
2.793296089385474943e+02	9.760694796472564936e+08	3.775379046045850217e+07
2.813314711359404328e+02	8.549666258036395311e+08	1.509042305819693804e+08
2.833333333333333712e+02	7.347298544054074287e+08	2.359254549854877293e+08
2.853351955307263097e+02	6.186417401700915098e+08	2.962930836198434234e+08
2.873370577281191913e+02	5.091699526864541769e+08	3.354607649796757102e+08
2.893389199255121298e+02	4.080697156919765472e+08	3.567657956910731196e+08
2.913407821229050683e+02	3.164851593656672835e+08	3.633570868890442252e+08
2.933426443202980067e+02	2.350461671908312440e+08	3.581431989324774742e+08
2.953445065176908884e+02	1.639587034599856734e+08	3.437583661147818565e+08
2.973463687150838268e+02	1.030877362624662519e+08	3.225441943342594504e+08
2.993482309124767653e+02	5.203247931520240754e+07	2.965443290245362520e+08
3.013500931098697038e+02	1.019380719047280028e+07	2.675092008844423592e+08
3.033519553072625854e+02	-2.316638683454089984e+07	2.369081414577664137e+08
3.053538175046555239e+02	-4.887413734934065491e+07	2.059466596986977756e+08
3.073556797020484623e+02	-6.780070618962965906e+07	1.755872657823244631e+08
3.093575418994413440e+02	-8.082791207652498782e+07	1.465726957628121376e+08
3.113594040968342824e+02	-8.882078661853563786e+07	1.194506253718601018e+08
3.133612662942272209e+02	-9.260662002888645232e+07	9.459900785280996561e+07
3.153631284916201594e+02	-9.295943812049545348e+07	7.225116293793548644e+07
3.173649906890130410e+02	-9.058908881755976379e+07	5.251980756536523998e+07
3.193668528864059795e+02	-8.613429559474508464e+07	3.541940050852539390e+07
3.213687150837989179e+02	-8.015915411687228084e+07	2.088643069266692549e+07
3.233705772811918564e+02	-7.315257009809574485e+07	8.797524846716990694e+06
3.253724394785847380e+02	-6.553009435581581295e+07	-1.014588995409163646e+06
3.273743016759776765e+02	-5.763757230682276189e+07	-8.747169443626523018e+06
3.293761638733706150e+02	-4.975604325375152379e+07	-1.461552268887529708e+07
3.313780260707635534e+02	-4.210741060208879411e+07	-1.884298477492490783e+07
3.333798882681564351e+02	-3.486052765703231841e+07	-2.165276858865297958e+07
3.353817504655493735e+02	-2.813745899736954272e+07	-2.326157274726162851e+07
3.373836126629423120e+02	-2.201975165686078370e+07	-2.387478438268074393e+07
3.393854748603352505e+02	-1.655457886958754621e+07	-2.368305719075228646e+07
3.413873370577281321e+02	-1.176062184584446438e+07	-2.286003237363865972e+07
3.433891992551210706e+02	-7.633559481563636102e+06	-2.156099329054135084e+07
3.453910614525140090e+02	-4.151059829896251205e+06	-1.992228650923381001e+07
3.473929236499069475e+02	-1.277210566996704787e+06	-1.806137967603841424e+07
3.493947858472998291e+02	1.033625286879157065e+06	-1.607744616192365810e+07
3.513966480446927676e+02	2.833504139415109064e+06	-1.405236816062500887e+07
3.533985102420857061e+02	4.178105070809824392e+06	-1.205204482945901155e+07
3.554003724394786445e+02	5.124399844002544880e+06	-1.012789291820700094e+07
3.574022346368715262e+02	5.728756332449717447e+06	-8.318440675307188183e+06
3.594040968342644646e+02	6.045447664470446296e+06	-6.650939386984414421e+06
3.614059590316574031e+02	6.125536888746225275e+06	-5.142942633164709434e+06
3.634078212290503416e+02	6.016097944592162967e+06	-3.803823100484450813e+06
3.654096834264432232e+02	5.759724180326843634e+06	-2.636206944369570818e+06
3.674115456238361617e+02	5.394271434690124355e+06	-1.637308166540574282e+06
3.694134078212291001e+02	4.952785968285477720e+06	-8.001454515623314073e+05
3.714152700186220386e+02	4.463576224642748944e+06	-1.146261765956495801e+05
3.734171322160149202e+02	3.950397127519477624e+06	4.315113468117922312e+05
3.754189944134078587e+02	3.432722565055783838e+06	8.518974782881432911e+05
3.774208566108007972e+02	2.926084576708320994e+06	1.160864642992317677e+06
3.794227188081936788e+02	2.442457886097386479e+06	1.372901701911990531e+06
3.814245810055866173e+02	1.990668392660203623e+06	1.502215742478708038e+06
3.834264432029795557e+02	1.576806079309395514e+06	1.562389616194811417e+06
3.854283054003724942e+02	1.204626916291587986e+06	1.566125820006971946e+06
3.874301675977653758e+02	8.759336110646732850e+05	1.525068289234360913e+06
3.894320297951583143e+02	5.909297597117953701e+05	1.449692997000515927e+06
3.914338919925512528e+02	3.485448988770460710e+05	1.349256796073753620e+06
3.934357541899441912e+02	1.467290243205042498e+05	1.231792964040437480e+06
3.954376163873370729e+02	-1.728486021820415408e+04	1.104142253267779481e+06
3.974394785847300113e+02	-1.467515936082088156e+05	9.720098818646973232e+05
3.994413407821229498e+02	-2.452188337906478846e+05	8.400411225599421887e+05
4.014432029795158883e+02	-3.163654850957708550e+05	7.119100846492871642e+05
4.034450651769087699e+02	-3.638713268671507831e+05	5.904174212686539395e+05
4.054469273743017084e+02	-3.913144708753766608e+05	4.775930669351735269e+05
4.074487895716946468e+02	-4.020929353442889987e+05	3.748001591920032515e+05
4.094506517690875853e+02	-3.993669646479978692e+05	2.828365215587860439e+05
4.114525139664804669e+02	-3.860193464656511787e+05	2.020307362374791119e+05
4.134543761638734054e+02	-3.646314642796624103e+05	1.323308267616270168e+05
4.154562383612663439e+02	-3.374729664353205590e+05	7.338459568255688646e+04
4.174581005586592823e+02	-3.065028012115682359e+05	2.461141535046950594e+04
4.194599627560521640e+02	-2.733791956650943030e+05	-1.473437721805676119e+04
4.214618249534451024e+02	-2.394761691525740316e+05	-4.550829102199431509e+04
4.234636871508380409e+02	-2.059044518526835309e+05	-6.862857225362383178e+04
4.254655493482309794e+02	-1.735351407665970619e+05	-8.503703152014072111e+04
4.274674115456238610e+02	-1.430249001999036991e+05	-9.566748893755864992e+04
4.294692737430167995e+02	-1.148418554427074705e+05	-1.014212515511190868e+05
4.314711359404097379e+02	-8.929149199302280613e+04	-1.031488013997191010e+05
4.334729981378026764e+02	-6.654191542934367317e+04	-1.016367682245366886e+05
4.354748603351955580e+02	-4.664785286883090885e+04	-9.759930894355302735e+04
4.374767225325884965e+02	-2.957286649034419315e+04	-9.167315928150182299e+04
4.394785847299814350e+02	-1.520941882511365475e+04	-8.441577251183282351e+04
4.414804469273743734e+02	-3.396634409780571332e+03	-7.630605055667919805e+04
4.434823091247673119e+02	6.064222814767880664e+03	-6.774719161570018332e+04
4.454841713221601367e+02	1.339643707057301799e+04	-5.907116105135868565e+04
4.474860335195530752e+02	1.883655089610552386e+04	-5.054428891165285313e+04
4.494878957169460136e+02	2.262497543294831485e+04	-4.237354070470874285e+04
4.514897579143389521e+02	2.499839776140557296e+04	-3.471309652436450415e+04
4.534916201117318906e+02	2.618387366030050907e+04	-2.767097928518975823e+04
4.554934823091248290e+02	2.639445783137316175e+04	-2.131556188085251051e+04
4.574953445065177675e+02	2.582618029810755252e+04	-1.568183607998748994e+04
4.594972067039107060e+02	2.465615174494453095e+04	-1.077734556365798380e+04
4.614990689013035308e+02	2.304158451230981518e+04	-6.587690076725640210e+03
4.635009310986964692e+02	2.111954510200453296e+04	-3.081517461717509377e+03
4.655027932960894077e+02	1.900729215865703009e+04	-2.149455624732268291e+02
4.675046554934823462e+02	1.680308438753465816e+04	2.064606820041585706e+03
4.695065176908752846e+02	1.458735786332371754e+04	3.815163639535408493e+03
4.715083798882682231e+02	1.242417476176626587e+04	5.097468489494904134e+03
4.735102420856611616e+02	1.036284535013110326e+04	5.972744446069040350e+03
4.755121042830541001e+02	8.439631152169567940e+03	6.500890507871709815e+03
4.775139664804469248e+02	6.679452767038670572e+03	6.739076059681361585e+03
4.795158286778398633e+02	5.097547487469255429e+03	6.740698839299396241e+03
4.815176908752328018e+02	3.701042873756719928e+03	6.554669458346824285e+03
4.835195530726257402e+02	2.490427169294887790e+03	6.224979115295493102e+03
4.855214152700186787e+02	1.460904332412331314e+03	5.790501756334991114e+03
4.875232774674116172e+02	6.036230434129630567e+02	5.284981549146405996e+03
4.895251396648045557e+02	-9.323034381518152713e+01	4.737161851663846392e+03
4.915270018621974941e+02	-6.434819939120210393e+02	4.171020492280452345e+03
4.935288640595903189e+02	-1.062165088743275874e+03	3.606084538523297397e+03
4.955307262569832574e+02	-1.364852651323007194e+03	3.057803233394876770e+03
4.975325884543761958e+02	-1.567116957040318766e+03	2.537960029412769927e+03
4.995344506517691343e+02	-1.684101148618067327e+03	2.055105148400863527e+03
5.015363128491620728e+02	-1.730189118449522084e+03	1.614990927619038985e+03
5.035381750465550112e+02	-1.718761821142523786e+03	1.220994704118537584e+03
5.055400372439479497e+02	-1.662030133151657992e+03	8.745180801277143701e+02
5.075418994413407745e+02	-1.570935081325563942e+03	5.753559700492726279e+02
5.095437616387337130e+02	-1.455105744220270935e+03	3.220325136686918768e+02
5.115456238361266514e+02	-1.322864249873325662e+03	1.121030108006137169e+02
5.135474860335195899e+02	-1.181267041584727849e+03	-5.757834817218908796e+01
5.155493482309125284e+02	-1.036172452945309033e+03	-1.906252235626141953e+02
5.175512104283054668e+02	-8.923264165103394134e+02	-2.909204645446817494e+02
5.195530726256984053e+02	-7.534601596969790762e+02	-3.624514215554566476e+02
5.215549348230913438e+02	-6.223953488252777788e+02	-4.091773988517273324e+02
5.235567970204841686e+02	-5.011530259535244340e+02	-4.349262276017260547e+02
5.255586592178771070e+02	-3.910629915960374774e+02	-4.433162499688967273e+02
5.275605214152700455e+02	-2.928704303483131639e+02	-4.376999813993897419e+02
5.295623836126629840e+02	-2.068369336940260439e+02	-4.211261851549440962e+02
5.315642458100559224e+02	-1.328337773586896731e+02	-3.963176866409725676e+02
5.335661080074488609e+02	-7.042622103025118463e+01	-3.656626600432803684e+02
5.355679702048417994e+02	-1.894844268135334886e+01	-3.312172285522196944e+02
5.375698324022347379e+02	2.243072437084422077e+01	-2.947171405877982124e+02
5.395716945996275626e+02	5.465086893120374611e+01	-2.575962273013925028e+02
5.415735567970205011e+02	7.871152338774577117e+01	-2.210094737646503233e+02
5.435754189944134396e+02	9.563181288063670138e+01	-1.858588746269396665e+02
5.455772811918063780e+02	1.064178737237741359e+02	-1.528206943767330017e+02
5.475791433891993165e+02	1.120375174929719151e+02	-1.223731654977394925e+02
5.495810055865922550e+02	1.134014024020984124e+02	-9.482393182607231097e+01
5.515828677839851935e+02	1.113498158182765678e+02	-7.033666817317963194e+01
5.535847299813781319e+02	1.066441396554620127e+02	-4.895634731220199853e+01
5.555865921787709567e+02	9.996216002739139128e+01	-3.063267090024889328e+01
5.575884543761638952e+02	9.189653195502926053e+01	-1.524128765716348965e+01
5.595903165735568336e+02	8.295584399261979058e+01	-2.602587799753561359e+00
5.615921787709497721e+02	7.356780147728652253e+01	7.501959282114797567e+00
5.635940409683427106e+02	6.408406341802941597e+01	1.531582120395630398e+01
5.655959031657356491e+02	5.478626393751506640e+01	2.109560452327774982e+01
5.675977653631285875e+02	4.589276640735309343e+01	2.510127090555080542e+01
5.695996275605214123e+02	3.756575739896490518e+01	2.758821976658683539e+01
5.716014897579143508e+02	2.991837931335698997e+01	2.880110460325719401e+01
5.736033519553072892e+02	2.302169726296072838e+01	2.896923882616236412e+01
5.756052141527002277e+02	1.691137020726506890e+01	2.830341531502696029e+01
5.776070763500931662e+02	1.159393694050177714e+01	2.699393267386212969e+01
5.796089385474861047e+02	7.052641603725995800e+00	2.520960964093192658e+01
5.816108007448790431e+02	3.252728952213812530e+00	2.309758395091227001e+01
5.836126629422719816e+02	1.461528734713000988e-01	2.078372527285560523e+01
5.856145251396648064e+02	-2.324331730842846166e+00	1.837352821696941518e+01
5.876163873370577448e+02	-4.221689398450496178e+00	1.595337772772721863e+01
5.896182495344506833e+02	-5.611702161732504024e+00	1.359209130461894688e+01
5.916201117318436218e+02	-6.560592799076435888e+00	1.134264536680602653e+01
5.936219739292365603e+02	-7.133117747350885551e+00	9.243995763633696683e+00
5.956238361266294987e+02	-7.391080350342955185e+00	7.322911850160400249e+00
5.976256983240224372e+02	-7.392222664757691852e+00	5.595760808273165132e+00
5.996275605214153757e+02	-7.189457053435431177e+00	4.070199765720092344e+00
6.016294227188082004e+02	-6.830396214066918326e+00	2.746751629421201546e+00
6.036312849162011389e+02	-6.357135291249928599e+00	1.620252256472694219e+00
6.056331471135940774e+02	-5.806236819711468655e+00	6.811614099966036839e-01
6.076350093109870159e+02	-5.208871289772146973e+00	-8.326908854419871886e-02
6.096368715083799543e+02	-4.591072861347440082e+00	-6.879755927509171309e-01
6.116387337057728928e+02	-3.974078500660446434e+00	-1.149213375267386983e+00
6.136405959031658313e+02	-3.374726402286733151e+00	-1.483834195350130614e+00
6.156424581005587697e+02	-2.805894156210336554e+00	-1.708700804695304054e+00
6.176443202979515945e+02	-2.276958936140982104e+00	-1.840224184999405210e+00
6.196461824953445330e+02	-1.794262679045396380e+00	-1.894008008046583758e+00
6.216480446927374715e+02	-1.361566614900577177e+00	-1.884586063262084332e+00
6.236499068901304099e+02	-9.804824695978924254e-01	-1.825240682282603499e+00
6.256517690875233484e+02	-6.508718190603509646e-01	-1.727891953177478346e+00
6.276536312849162869e+02	-3.712092455876017660e-01	-1.603048023489057616e+00
6.296554934823092253e+02	-1.389080087161575772e-01	-1.459806328803731734e+00
6.316573556797020501e+02	4.939155205054125003e-02	-1.305895045706857438e+00
6.336592178770949886e+02	1.975703552713295452e-01	-1.147744282836559382e+00
6.356610800744879270e+02	3.098152090763170441e-01	-9.905777642416533357e-01
6.376629422718808655e+02	3.904390488443622576e-01	-8.385176771453634048e-01
6.396648044692738040e+02	4.437352894879055265e-01	-6.946972896307966883e-01
6.416666666666667425e+02	4.738636816629243631e-01	-5.613773444210441443e-01
6.436685288640596809e+02	4.847641094298942854e-01	-4.400629457313085524e-01
6.456703910614526194e+02	4.800943580985956860e-01	-3.316179109118476687e-01
6.476722532588454442e+02	4.631880768620062483e-01	-2.363737610928624555e-01
6.496741154562383826e+02	4.370297250496336106e-01	-1.542309792002148627e-01
6.516759776536313211e+02	4.042438733820887808e-01	-8.475091868884652990e-02
6.536778398510242596e+02	3.670965811806071732e-01	-2.723762106853119466e-02
6.556797020484171981e+02	3.275066478397328229e-01	1.919046405736721597e-02
6.576815642458101365e+02	2.870644847825014612e-01	5.553843633097937244e-02
6.596834264432030750e+02	2.470563707254685992e-01	8.288204158174405922e-02
6.616852886405960135e+02	2.084920609836519445e-01	1.023234224335711484e-01
6.636871508379888382e+02	1.721341082898138197e-01	1.149550844971830993e-01
6.656890130353817767e+02	1.385277017493607710e-01	1.218315784921889522e-01
6.676908752327747152e+02	1.080302067305759645e-01	1.239482324784035583e-01
6.696927374301676537e+02	8.083981653579606907e-02	1.222260833182453044e-01
6.716945996275605921e+02	5.702282073243029881e-02	1.175020496904883027e-01
6.736964618249535306e+02	3.653903106451977106e-02	1.105234076613926669e-01
6.756983240223464691e+02	1.926496521082488381e-02	1.019457514557255140e-01
6.777001862197394075e+02	5.014510327790957372e-03	9.233377882581460250e-02
6.797020484171322323e+02	-6.443044164436714447e-03	8.216436483036543281e-02
6.817039106145251708e+02	-1.536755221762875143e-02	7.183144918199060869e-02
6.837057728119181093e+02	-2.203497245070882085e-02	6.165227479402746874e-02
6.857076350093110477e+02	-2.672654177770616285e-02	5.187451896684810992e-02
6.877094972067039862e+02	-2.971996966817584684e-02	4.268389044166687185e-02
6.897113594040969247e+02	-3.128248872469419767e-02	3.421183718991143569e-02
6.917132216014898631e+02	-3.166560890170925374e-02	2.654310598086708287e-02
6.937150837988826879e+02	-3.110140803551963290e-02	1.972298680314693922e-02
6.957169459962756264e+02	-2.980016160164315406e-02	1.376413987437613042e-02
6.977188081936685649e+02	-2.794909095892087608e-02	8.652934437686029059e-03
6.997206703910615033e+02	-2.571200800608270179e-02	4.355238072676935641e-03
7.017225325884544418e+02	-2.322965746090883965e-02	8.216012500598910166e-04
7.037243947858473803e+02	-2.062059517359457125e-02	-2.008202008588823827e-03
7.057262569832403187e+02	-1.798247656994418631e-02	-4.201288004875011924e-03
7.077281191806332572e+02	-1.539365267073636995e-02	-5.828409450548166157e-03
7.097299813780260820e+02	-1.291498081772388465e-02	-6.961285231245772746e-03
7.117318435754190205e+02	-1.059175991433271811e-02	-7.670453000883138868e-03
7.137337057728119589e+02	-8.455704622905148987e-03	-8.023584947589300700e-03
7.157355679702048974e+02	-6.526885035440660454e-03	-8.084215311122381828e-03
7.177374301675978359e+02	-4.815577307007008930e-03	-7.910835720509925770e-03
7.197392923649907743e+02	-3.323991502539481047e-03	-7.556316508600510219e-03
7.217411545623837128e+02	-2.047859600276430089e-03	-7.067609145268247822e-03
7.237430167597766513e+02	-9.778760999016250857e-04	-6.485680676605709571e-03
7.257448789571694761e+02	-1.009868528832745147e-04	-5.845629874482146174e-03
7.277467411545624145e+02	5.984778839439153881e-04	-5.176938735372085994e-03
7.297486033519553530e+02	1.137828866780365381e-03	-4.503820961944724789e-03
7.317504655493482915e+02	1.535200462574801399e-03	-3.845638084301812674e-03
7.337523277467412299e+02	1.808883189434966473e-03	-3.217360971576031271e-03
7.357541899441341684e+02	1.976793291091047226e-03	-2.630058366546882912e-03
7.377560521415271069e+02	2.056063116225071135e-03	-2.091395471659817772e-03
7.397579143389200453e+02	2.062735811049530923e-03	-1.606126387509457069e-03
7.417597765363128701e+02	2.011549777242568112e-03	-1.176566024994094885e-03
7.437616387337058086e+02	1.915800834546302128e-03	-8.030305214485512636e-04
7.457635009310987471e+02	1.787271647655115300e-03	-4.842395122399527352e-04
7.477653631284916855e+02	1.636218278491861347e-03	-2.176775810624885401e-04
7.497672253258846240e+02	1.471403232512146289e-03	8.516699371583948026e-08
7.517690875232775625e+02	1.300164044352488616e-03	1.731124093260291588e-04
7.537709497206705009e+02	1.128507021380283342e-03	3.058597481987891252e-04
7.557728119180634394e+02	9.612173294441837346e-04	4.029707803615032802e-04
7.577746741154562642e+02	8.019786791503292480e-04	4.691098514352434875e-04
7.597765363128492027e+02	6.534977662745257735e-04	5.088293616699040168e-04
7.617783985102421411e+02	5.176298669305082027e-04	5.264683946149836900e-04
7.637802607076350796e+02	3.955025483803614066e-04	5.260786401601548392e-04
7.657821229050280181e+02	2.876346489240672499e-04	5.113733901533526298e-04
7.677839851024209565e+02	1.940479212950575575e-04	4.856957679537671105e-04
7.697858472998138950e+02	1.143692762470065682e-04	4.520030137460399802e-04
7.717877094972067198e+02	4.792238414675640331e-05	4.128642311659600547e-04
7.737895716945996583e+02	-6.191735265709832950e-06	3.704693015793161055e-04
7.757914338919925967e+02	-4.902483982009918871e-05	3.266467101215860891e-04
7.777932960893855352e+02	-8.172168805009109014e-05	2.828879825878410654e-04
7.797951582867784737e+02	-1.054697045355754853e-04	2.403765022564386593e-04
7.817970204841714121e+02	-1.214575243037397463e-04	2.000187536271175474e-04
7.837988826815643506e+02	-1.308418969158226485e-04	1.624764775263035142e-04
7.858007448789572891e+02	-1.347223470414176186e-04	1.281986824666758859e-04
7.878026070763501139e+02	-1.341228105829255163e-04	9.745280922129407383e-05
7.898044692737430523e+02	-1.299792951201655120e-04	7.035453551938114297e-05
7.918063314711359908e+02	-1.231325440914181866e-04	4.689577321923055680e-05
7.938081936685289293e+02	-1.143247459909956188e-04	2.697043956994939012e-05
7.958100558659218677e+02	-1.041994824507395245e-04	1.039765526817772989e-05
7.978119180633148062e+02	-9.330427595138987161e-05	-3.057839582285468721e-06
7.998137802607077447e+02	-8.209521537257648206e-05	-1.366808518635543524e-05
8.018156424581006831e+02	-7.094318647746048216e-05	-2.172699550735836651e-05
8.038175046554935079e+02	-6.014124030972689642e-05	-2.753793205100105003e-05
8.058193668528864464e+02	-4.991264051291776195e-05	-3.140352518240582808e-05
8.078212290502793849e+02	-4.041917455444591018e-05	-3.361753627532536228e-05
8.098230912476723233e+02	-3.176939827623124970e-05	-3.445858563410716838e-05
8.118249534450652618e+02	-2.402658608474423320e-05	-3.418557948417003236e-05
8.138268156424582003e+02	-1.721624943214350789e-05	-3.303464993012510180e-05
8.158286778398511387e+02	-1.133314333886753564e-05	-3.121739119095645512e-05
8.178305400372440772e+02	-6.347703811628013703e-06	-2.892015660810354452e-05
8.198324022346369020e+02	-2.211863670500043869e-06	-2.630418803588505751e-05
8.218342644320298405e+02	1.135799758681188517e-06	-2.350638059800592592e-05
8.238361266294227789e+02	3.765612489116851038e-06	-2.064052750979034076e-05
8.258379888268157174e+02	5.753043242127370639e-06	-1.779892549351718900e-05
8.278398510242086559e+02	7.175597026964674359e-06	-1.505424204410819263e-05
8.298417132216015943e+02	8.110302154704175827e-06	-1.246155274265280758e-05
8.318435754189945328e+02	8.631722085615877070e-06	-1.006045863207891757e-05
8.338454376163873576e+02	8.810428809665976440e-06	-7.877199720851543806e-06
8.358472998137802961e+02	8.711884910120045822e-06	-5.926695363565468773e-06
8.378491620111732345e+02	8.395689043067047842e-06	-4.214463398823751027e-06
8.398510242085661730e+02	7.915140580471657659e-06	-2.738391260656074838e-06
8.418528864059591115e+02	7.317075253653475454e-06	-1.490347882529614756e-06
8.438547486033520499e+02	6.641919565596808850e-06	-4.576327887827674501e-07
8.458566108007449884e+02	5.923911872194526218e-06	3.757397348246439502e-07
8.478584729981379269e+02	5.191443750780255896e-06	1.027923824791598622e-06
8.498603351955307517e+02	4.467484673642446316e-06	1.518293442721441113e-06
8.518621973929236901e+02	3.770062537358270018e-06	1.866658181695974236e-06
8.538640595903166286e+02	3.112779352369559346e-06	2.092633270903286809e-06
8.558659217877095671e+02	2.505344562501202992e-06	2.215148096222791431e-06
8.578677839851025055e+02	1.954109321846546212e-06	2.252075013346818377e-06
8.598696461824954440e+02	1.462585783070558452e-06	2.219960944455738577e-06
8.618715083798883825e+02	1.031937666062439952e-06	2.133846932205140158e-06
8.638733705772813209e+02	6.614323114200072489e-07	2.007163583112700442e-06
8.658752327746741457e+02	3.488490654724957304e-07	1.851691819124639271e-06
8.678770949720670842e+02	9.084276484197653687e-08	1.677578381379236206e-06
8.698789571694600227e+02	-1.167366451652894181e-07	1.493394893226082592e-06
8.718808193668529611e+02	-2.785667074052618067e-07	1.306229084011185206e-06
8.738826815642458996e+02	-3.996158809383446983e-07	1.121797671548194134e-06
8.758845437616388381e+02	-4.849466157457106686e-07	9.445723218797140152e-07
8.778864059590317765e+02	-5.395564504013160399e-07	7.779123976694528823e-07
8.798882681564247150e+02	-5.682544720504392692e-07	6.242001167051436937e-07
8.818901303538175398e+02	-5.755693320940459329e-07	4.849748521189242256e-07
8.838919925512104783e+02	-5.656843052618771428e-07	3.610636974877360193e-07
8.858938547486034167e+02	-5.423948811242371273e-07	2.527055198712752837e-07
8.878957169459963552e+02	-5.090849589245398388e-07	1.596659868436296986e-07
8.898975791433892937e+02	-4.687184966989289466e-07	8.134169489117567535e-08
8.918994413407822321e+02	-4.238440640533426284e-07	1.685244718032972898e-08
8.939013035381751706e+02	-3.766099931964118095e-07	-3.487836292671161536e-08
8.959031657355679954e+02	-3.287877986583687735e-07	-7.505468576931374515e-08
8.979050279329609339e+02	-2.818014743300478657e-07	-1.049492588335479364e-07
8.999068901303538723e+02	-2.367603877104761597e-07	-1.258548104306029465e-07
9.019087523277468108e+02	-1.944938433810885476e-07	-1.390444143998095075e-07
9.039106145251397493e+02	-1.555858913279175056e-07	-1.457404283867682909e-07
9.059124767225326877e+02	-1.204094437283255897e-07	-1.470913327178020205e-07
9.079143389199256262e+02	-8.915910038598896010e-08	-1.441555811892935724e-07
9.099162011173185647e+02	-6.188223353220686395e-08	-1.378914045337243375e-07
9.119180633147113895e+02	-3.850791245615634713e-08	-1.291514681847203031e-07
9.139199255121043279e+02	-1.887326477026939967e-08	-1.186813926912576673e-07
9.159217877094972664e+02	-2.746953785496741105e-09	-1.071213353770931863e-07
9.179236499068902049e+02	1.015038709375768403e-08	-9.501001481198625720e-08
9.199255121042831433e+02	2.012872958168172893e-08	-8.279067143835105232e-08
9.219273743016760818e+02	2.751404605947143939e-08	-7.081849044569668973e-08
9.239292364990690203e+02	3.263626057310182909e-08	-5.936900654680884477e-08
9.259310986964619588e+02	3.581949351552979469e-08	-4.864701850176610312e-08
9.279329608938547835e+02	3.737438207564379133e-08	-3.879559718971476621e-08
9.299348230912477220e+02	3.759229654083331461e-08	-2.990487156434602831e-08
9.319366852886406605e+02	3.674127684662251997e-08	-2.202039097378008209e-08
9.339385474860335989e+02	3.506348639387199844e-08	-1.515095423093648851e-08
9.359404096834265374e+02	3.277394489907973526e-08	-9.275846055790655915e-09
9.379422718808194759e+02	3.006028562643939649e-08	-4.351434836421791400e-09
9.399441340782124144e+02	2.708329774810628894e-08	-3.170835053420291078e-10
9.419459962756053528e+02	2.397805565203907970e-08	2.899669664753316785e-09
9.439478584729981776e+02	2.085548524839145512e-08	5.378680545583574814e-09
9.459497206703911161e+02	1.780425439287464984e-08	7.203502709729844950e-09
9.479515828677840545e+02	1.489289235648633447e-08	8.458373046157781791e-09
9.499534450651769930e+02	1.217204622111922756e-08	9.225805480763503150e-09
9.519553072625699315e+02	9.676781784502706198e-09	9.584715536491290869e-09
9.539571694599628700e+02	7.428843563479273340e-09	9.609008733387714083e-09
9.559590316573558084e+02	5.438806306655655080e-09	9.366579369060679357e-09
9.579608938547487469e+02	3.708074845962860950e-09	8.918674161629811846e-09
9.599627560521416854e+02	2.230712084120766282e-09	8.319574688587640029e-09
9.619646182495346238e+02	9.950899110007102175e-10	7.616546848453385622e-09
9.639664804469275623e+02	-1.463668484137023930e-11	6.850000920029500659e-09
9.659683426443202734e+02	-8.172327407806110517e-10	6.053806985913838447e-09
9.679702048417132119e+02	-1.433265568986413066e-09	5.255718281179776185e-09
9.699720670391061503e+02	-1.884166207584113545e-09	4.477866393862061833e-09
9.719739292364990888e+02	-2.191464394595406972e-09	3.737302745262601342e-09
9.739757914338920273e+02	-2.376183995811556070e-09	3.046567309644301963e-09
9.759776536312849657e+02	-2.458380112855710182e-09	2.414267767962271550e-09
9.779795158286779042e+02	-2.456797222570260327e-09	1.845652267636987882e-09
9.799813780260708427e+02	-2.388629561031144281e-09	1.343159413022623838e-09
9.819832402234637811e+02	-2.269368664569899727e-09	9.069317419607043457e-10
9.839851024208567196e+02	-2.112726192682788458e-09	5.352836429663053679e-10
9.859869646182496581e+02	-1.930621495137033883e-09	2.251199320392270824e-10
9.879888268156425966e+02	-1.733222954271079519e-09	-2.769461825380033469e-11
9.899906890130355350e+02	-1.529031133994784304e-09	-2.280125662708714498e-10
9.919925512104284735e+02	-1.324991552700957151e-09	-3.811256103022642477e-10
9.939944134078214120e+02	-1.126626137799214467e-09	-4.925293408511529380e-10
9.959962756052143504e+02	-9.381748266699272808e-10	-5.677297014337783881e-10
9.979981378026070615e+02	-7.627414400602185403e-10	-6.120893327700738258e-10
1.000000000000000000e+03	-6.024399621576747450e-10	-6.307106683730073619e-10
