-7.500000000000000000e+01	0.000000000000000000e+00	0.000000000000000000e+00
-7.299813780260707574e+01	9.470370173647192001e+09	5.702105190605923462e+10
-7.099627560521415148e+01	4.189875319022850037e+10	1.375230311731722412e+11
-6.899441340782122722e+01	1.024077757834618988e+11	2.471294145339463196e+11
-6.699255121042830297e+01	1.966293267895519104e+11	3.988794232351608276e+11
-6.499068901303537871e+01	3.340666880719414673e+11	6.161694318139978027e+11
-6.298882681564245445e+01	5.319515863944149170e+11	9.347726031725382080e+11
-6.098696461824953019e+01	8.187660103307590332e+11	1.404379484512866455e+12
-5.898510242085660593e+01	1.237079731852387207e+12	2.090546251125246582e+12
-5.698324022346368167e+01	1.845982226846552490e+12	3.077917235167545898e+12
-5.498137802607075741e+01	2.723825846917987793e+12	4.475125169199831055e+12
-5.297951582867783316e+01	3.972022619341265625e+12	6.421096738531482422e+12
-5.097765363128491600e+01	5.720244016060288086e+12	9.091908662417630859e+12
-4.897579143389199174e+01	8.132756769310493164e+12	1.270707046292623242e+13
-4.697392923649906749e+01	1.141506670927624414e+13	1.753418630014622852e+13
-4.497206703910614323e+01	1.581974842836934375e+13	2.389122189697194922e+13
-4.297020484171321897e+01	2.165035783946427734e+13	3.214585060704068750e+13
-4.096834264432029471e+01	2.926253951181855078e+13	4.271141364944047656e+13
-3.896648044692737045e+01	3.906165974727565625e+13	5.603889536937446875e+13
-3.696461824953444619e+01	5.149637811192657031e+13	7.260413030472317188e+13
-3.496275605214152193e+01	6.704750696071291406e+13	9.288943810426235938e+13
-3.296089385474859768e+01	8.621142823994737500e+13	1.173591881696339219e+14
-3.095903165735567342e+01	1.094774265991090156e+14	1.464294561547643750e+14
-2.895716945996274916e+01	1.372986972668492969e+14	1.804328310265473438e+14
-2.695530726256983201e+01	1.700575114562298125e+14	2.195803614882202812e+14
-2.495344506517690775e+01	2.080259528037370625e+14	2.639233988925699688e+14
-2.295158286778398349e+01	2.513245797285762188e+14	3.133185825580038750e+14
-2.094972067039105923e+01	2.998821317785790625e+14	3.673993968131807500e+14
-1.894785847299813497e+01	3.533998652259959375e+14	4.255576347855391875e+14
-1.694599627560521071e+01	4.113242413974590000e+14	4.869377554258506875e+14
-1.494413407821228645e+01	4.728315185358941250e+14	5.504465017154392500e+14
-1.294227188081936220e+01	5.368273331385696250e+14	6.147792154106256250e+14
-1.094040968342643794e+01	6.019635894770250000e+14	6.784630149670342500e+14
-8.938547486033513678e+00	6.666738790236867500e+14	7.399154552700160000e+14
-6.936685288640589420e+00	7.292272258739672500e+14	7.975156229460085000e+14
-4.934823091247665161e+00	7.877982788884475000e+14	8.496830844073272500e+14
-2.932960893854740902e+00	8.405503229387682500e+14	8.949589584387141250e+14
-9.310986964618166439e-01	8.857259088941173750e+14	9.320828361359467500e+14
1.070763500931107615e+00	9.217387623820333750e+14	9.600594122980142500e+14
3.072625698324031873e+00	9.472601203840406250e+14	9.782094959858453750e+14
5.074487895716956132e+00	9.612928478272591250e+14	9.862014118635180000e+14
7.076350093109880390e+00	9.632275709420947500e+14	9.840605169377856250e+14
9.078212290502804649e+00	9.528765071065633750e+14	9.721564563184976250e+14
1.108007448789572891e+01	9.304825006101750000e+14	9.511696881468078750e+14
1.308193668528865317e+01	8.967028046489175000e+14	9.220405478046930000e+14
1.508379888268157742e+01	8.525691975785975000e+14	8.859055240527076250e+14
1.708566108007450168e+01	7.994279037325943750e+14	8.440263296505186250e+14
1.908752327746742594e+01	7.388643267599120000e+14	7.977176558365016250e+14
2.108938547486033599e+01	6.726186347090493750e+14	7.482791721430900000e+14
2.309124767225326025e+01	6.024986459947321250e+14	6.969364378660106250e+14
2.509310986964618451e+01	5.302962184744083125e+14	6.447940877495907500e+14
2.709497206703910877e+01	4.577125026001703125e+14	5.928031551706940000e+14
2.909683426443203302e+01	3.862961357019823750e+14	5.417429169329428750e+14
3.109869646182495728e+01	3.173969332549079375e+14	4.922163567690381875e+14
3.310055865921788154e+01	2.521360845981288125e+14	4.446573543232828125e+14
3.510242085661080580e+01	1.913924570600500000e+14	3.993470521171331250e+14
3.710428305400373006e+01	1.358034658367110000e+14	3.564365287349888125e+14
3.910614525139665432e+01	8.577813115222003125e+13	3.159728827118871250e+14
4.110800744878957858e+01	4.151943181626248438e+13	2.779260676898264688e+14
4.310986964618250283e+01	3.052864600853220215e+12	2.422142636250282500e+14
4.511173184357542709e+01	-2.974179338613301562e+13	2.087261533276286562e+14
4.711359404096835135e+01	-5.709818858564999219e+13	1.773391142937743125e+14
4.911545623836127561e+01	-7.933271415596887500e+13	1.479329431242758750e+14
5.111731843575419987e+01	-9.681699023241935938e+13	1.203992282293802344e+14
5.311918063314712413e+01	-1.099544169973930000e+14	9.464683294969785938e+13
5.512104283054003417e+01	-1.191611678715855000e+14	7.060414292739642188e+13
5.712290502793297264e+01	-1.248515657387702344e+14	4.821879856568461719e+13
5.912476722532588269e+01	-1.274274970527412031e+14	2.745561974597072266e+13
6.112662942271882116e+01	-1.272713481236181406e+14	8.293373602543620117e+12
6.312849162011173121e+01	-1.247418621033803125e+14	-9.279042406735324219e+12
6.513035381750466968e+01	-1.201722855640571094e+14	-2.526652618430282812e+13
6.713221601489757973e+01	-1.138701852987534375e+14	-3.967144437523539062e+13
6.913407821229051820e+01	-1.061183661205068906e+14	-5.249682059160040625e+13
7.113594040968342824e+01	-9.717640791126196875e+13	-6.374893120393578906e+13
7.313780260707636671e+01	-8.728245592823753125e+13	-7.343930297268706250e+13
7.513966480446927676e+01	-7.665502264380243750e+13	-8.158616816743971875e+13
7.714152700186221523e+01	-6.549466785551777344e+13	-8.821545210210618750e+13
7.914338919925512528e+01	-5.398549837054157812e+13	-9.336135858817692188e+13
8.114525139664806375e+01	-4.229646567918477344e+13	-9.706660180906348438e+13
8.314711359404097379e+01	-3.058245104664139844e+13	-9.938232588150775000e+13
8.514897579143391226e+01	-1.898513092975469922e+13	-1.003677609219884219e+14
8.715083798882682231e+01	-7.633626294363327148e+12	-1.000896788928077812e+14
8.915270018621976078e+01	3.355039502011659668e+12	-9.862172018789478125e+13
9.115456238361267083e+01	1.387562634343302344e+13	-9.604365332359359375e+13
9.315642458100560930e+01	2.383444582354980469e+13	-9.244060635831434375e+13
9.515828677839851935e+01	3.314915738414220312e+13	-8.790228075356481250e+13
9.716014897579145781e+01	4.174855815528846094e+13	-8.252214000305032812e+13
9.916201117318436786e+01	4.957235788242588281e+13	-7.639656429544095312e+13
1.011638733705773063e+02	5.657094656493236719e+13	-6.962397604118460938e+13
1.031657355679702164e+02	6.270516259068026562e+13	-6.230395820901507812e+13
1.051675977653631548e+02	6.794605642743891406e+13	-5.453639584753596875e+13
1.071694599627560649e+02	7.227463009455284375e+13	-4.642066509192341406e+13
1.091713221601490034e+02	7.568152690786642188e+13	-3.805487717997971094e+13
1.111731843575419134e+02	7.816665402598090625e+13	-2.953516801473110156e+13
1.131750465549348519e+02	7.973873767119990625e+13	-2.095501683837345703e+13
1.151769087523277619e+02	8.041482725595478125e+13	-1.240458416265104688e+13
1.171787709497206720e+02	8.021977063566712500e+13	-3.970074164748443848e+12
1.191806331471136104e+02	7.918567572637425000e+13	4.266859807122697266e+12
1.211824953445065205e+02	7.735135927279217188e+13	1.222964477206000977e+13
1.231843575418994590e+02	7.476177143685803125e+13	1.984723967647901562e+13
1.251862197392923690e+02	7.146738288960509375e+13	2.705451099141597266e+13
1.271880819366853075e+02	6.752353024111671875e+13	3.379254619217125391e+13
1.291899441340782175e+02	6.298972986095350781e+13	4.000892061959450000e+13
1.311918063314711560e+02	5.792898040822618750e+13	4.565792443487052344e+13
1.331936685288640660e+02	5.240707453496060938e+13	5.070074343802486719e+13
1.351955307262570045e+02	4.649193066118470312e+13	5.510557902397610938e+13
1.371973929236499146e+02	4.025294288598339844e+13	5.884769391506044531e+13
1.391992551210428530e+02	3.376033915806558203e+13	6.190938051781393750e+13
1.412011173184357631e+02	2.708453947659590234e+13	6.427986127939113281e+13
1.432029795158287016e+02	2.029551557117449219e+13	6.595513756841589844e+13
1.452048417132216116e+02	1.346216466915751562e+13	6.693780138275852344e+13
1.472067039106145501e+02	6.651715387808330078e+12	6.723681463953547656e+13
1.492085661080074601e+02	-7.081983080165269470e+10	6.686725046474436719e+13
1.512104283054003986e+02	-6.643141506946479492e+12	6.584998649545913281e+13
1.532122905027933086e+02	-1.300611516429436523e+13	6.421134442267471094e+13
1.552141527001862471e+02	-1.910418877293103125e+13	6.198267997583751562e+13
1.572160148975791572e+02	-2.488578161612679297e+13	5.919993690660240625e+13
1.592178770949720956e+02	-3.030364141702319922e+13	5.590318153438456250e+13
1.612197392923650057e+02	-3.531515854761563281e+13	5.213612954602796094e+13
1.632216014897579441e+02	-3.988262453483305469e+13	4.794566746016980469e+13
1.652234636871508542e+02	-4.397342786826851562e+13	4.338136353784612500e+13
1.672253258845437927e+02	-4.756018960404607812e+13	3.849496169086330469e+13
1.692271880819367027e+02	-5.062084858146084375e+13	3.333985761160279297e+13
1.712290502793296412e+02	-5.313870695979007031e+13	2.797056504449882031e+13
1.732309124767225512e+02	-5.510244119250551562e+13	2.244218620162332422e+13
1.752327746741154897e+02	-5.650607550380562500e+13	1.680990000988137109e+13
1.772346368715083997e+02	-5.734890980942918750e+13	1.112847554015223828e+13
1.792364990689013382e+02	-5.763539514745441406e+13	5.451809736196302734e+12
1.812383612662942483e+02	-5.737495629647153906e+13	-1.675164344220625305e+11
1.832402234636871867e+02	-5.658176916513163281e+13	-5.678668172413141602e+12
1.852420856610800683e+02	-5.527450488595132812e+13	-1.103297202753335156e+13
1.872439478584730068e+02	-5.347605090227171094e+13	-1.618430780769995117e+13
1.892458100558659453e+02	-5.121321311615042969e+13	-2.108946582020036719e+13
1.912476722532588838e+02	-4.851639658771792969e+13	-2.570846069536884375e+13
1.932495344506517654e+02	-4.541925960155317969e+13	-3.000479977385359766e+13
1.952513966480447039e+02	-4.195833875754850000e+13	-3.394571065855025391e+13
1.972532588454376423e+02	-3.817264916168121875e+13	-3.750233508642186719e+13
1.992551210428305808e+02	-3.410326965101077734e+13	-4.064989352639583594e+13
2.012569832402234624e+02	-2.979292464641028125e+13	-4.336781900795405469e+13
2.032588454376164009e+02	-2.528557081220580859e+13	-4.563985368183481250e+13
2.052607076350093394e+02	-2.062599054992848828e+13	-4.745410083486167188e+13
2.072625698324022778e+02	-1.585938941486907031e+13	-4.880302905811675781e+13
2.092644320297951595e+02	-1.103099383592048633e+13	-4.968343151229616406e+13
2.112662942271880979e+02	-6.185649260791149414e+12	-5.009634791707543750e+13
2.132681564245810364e+02	-1.367424431962356445e+12	-5.004695730502653906e+13
2.152700186219739749e+02	3.380768760522876465e+12	-4.954444580017475000e+13
2.172718808193668565e+02	8.017530902896969727e+12	-4.860184841032032812e+13
2.192737430167597950e+02	1.250330159955199805e+13	-4.723586058927814844e+13
2.212756052141527334e+02	1.680065787334353320e+13	-4.546661622844731250e+13
2.232774674115456719e+02	2.087458861136890234e+13	-4.331743317537607812e+13
2.252793296089385535e+02	2.469274842838992578e+13	-4.081453252860881250e+13
2.272811918063314920e+02	2.822569026922731641e+13	-3.798674064140981250e+13
2.292830540037244305e+02	3.144707162550198047e+13	-3.486518145843190234e+13
2.312849162011173689e+02	3.433382739054049219e+13	-3.148296254235305078e+13
2.332867783985102506e+02	3.686630436573384375e+13	-2.787485376640328906e+13
2.352886405959031890e+02	3.902835704251461719e+13	-2.407695594939053125e+13
2.372905027932961275e+02	4.080740868813540625e+13	-2.012635867873630859e+13
2.392923649906890660e+02	4.219448336421930469e+13	-1.606079082531284570e+13
2.412942271880819476e+02	4.318421256751367969e+13	-1.191827101318675586e+13
2.432960893854748861e+02	4.377481622085690625e+13	-7.736766179745602539e+12
2.452979515828678245e+02	4.396805449274842969e+13	-3.553863851791597656e+12
2.472998137802607062e+02	4.376914656592578906e+13	5.935404865453165283e+11
2.493016759776536446e+02	4.318665527862510938e+13	4.669542879329289062e+12
2.513035381750465831e+02	4.223234078317410156e+13	8.639519600143691406e+12
2.533054003724395216e+02	4.092098941910091406e+13	1.247040488303792773e+13
2.553072625698324032e+02	3.927022411402229688e+13	1.613095380479078125e+13
2.573091247672253417e+02	3.730029994127182812e+13	1.959198409303253125e+13
2.593109869646182801e+02	3.503388486519620703e+13	2.282659119257544141e+13
2.613128491620112186e+02	3.249582357796138281e+13	2.581033406342926562e+13
2.633147113594041002e+02	2.971288303543281641e+13	2.852139297265707812e+13
2.653165735567970387e+02	2.671348134634630469e+13	3.094070270539267578e+13
2.673184357541899772e+02	2.352740509492076953e+13	3.305206399285004688e+13
2.693202979515829156e+02	2.018552183341755859e+13	3.484223317573671094e+13
2.713221601489757973e+02	1.671949339691953125e+13	3.630098716599892969e+13
2.733240223463687357e+02	1.316149264729809570e+13	3.742115965664512500e+13
2.753258845437616742e+02	9.543923225120382812e+12	3.819864604233234375e+13
2.773277467411546127e+02	5.899140764227593750e+12	3.863237774784467969e+13
2.793296089385474943e+02	2.259175411880793457e+12	3.872426965212607031e+13
2.813314711359404328e+02	-1.344541613420502686e+12	3.847914529212603125e+13
2.833333333333333712e+02	-4.881442240284846680e+12	3.790464309569960938e+13
2.853351955307263097e+02	-8.322070940333077148e+12	3.701110413212165625e+13
2.873370577281191913e+02	-1.163831560448363672e+13	3.581143968069297656e+13
2.893389199255121298e+02	-1.480361922776128711e+13	3.432097676660357031e+13
2.913407821229050683e+02	-1.779317402738690625e+13	3.255728181765687891e+13
2.933426443202980067e+02	-2.058409986318840625e+13	3.053996549853126172e+13
2.953445065176908884e+02	-2.315560704430820703e+13	2.829047378722554688e+13
2.973463687150838268e+02	-2.548914110127282422e+13	2.583187029159605469e+13
2.993482309124767653e+02	-2.756850560274897266e+13	2.318861282176843750e+13
3.013500931098697038e+02	-2.937995963751233203e+13	2.038632469000780469e+13
3.033519553072625854e+02	-3.091228887780965625e+13	1.745155975617449414e+13
3.053538175046555239e+02	-3.215685180496400391e+13	1.441156077212325000e+13
3.073556797020484623e+02	-3.310760413778326562e+13	1.129401270264393945e+13
3.093575418994413440e+02	-3.376110399657487891e+13	8.126795011478964844e+12
3.113594040968342824e+02	-3.411649836394790625e+13	4.937737912871587891e+12
3.133612662942272209e+02	-3.417548937761342969e+13	1.754386675076143799e+12
3.153631284916201594e+02	-3.394227830432768359e+13	-1.396224176750830078e+12
3.173649906890130410e+02	-3.342348619517635938e+13	-4.487787064910287109e+12
3.193668528864059795e+02	-3.262805252436185547e+13	-7.494929044333082031e+12
3.213687150837989179e+02	-3.156711516788206250e+13	-1.039341104675813867e+13
3.233705772811918564e+02	-3.025387568031579688e+13	-1.316031676323315430e+13
3.253724394785847380e+02	-2.870345272167947266e+13	-1.577422761800730859e+13
3.273743016759776765e+02	-2.693272449639780469e+13	-1.821538013618245312e+13
3.293761638733706150e+02	-2.496015954140859766e+13	-2.046580347232953906e+13
3.313780260707635534e+02	-2.280563514328276953e+13	-2.250943706572674219e+13
3.333798882681564351e+02	-2.049024410865218750e+13	-2.433223000507660156e+13
3.353817504655493735e+02	-1.803609263142976953e+13	-2.592222381808551562e+13
3.373836126629423120e+02	-1.546609332323115625e+13	-2.726961911480184766e+13
3.393854748603352505e+02	-1.280375729943809375e+13	-2.836682477025474609e+13
3.413873370577281321e+02	-1.007298770419418555e+13	-2.920848735293468359e+13
3.433891992551210706e+02	-7.297875205337444336e+12	-2.979149898986462109e+13
3.453910614525140090e+02	-4.502494964160024414e+12	-3.011498355609308984e+13
3.473929236499069475e+02	-1.710704986536124512e+12	-3.018026297372700000e+13
3.493947858472998291e+02	1.054052737559478760e+12	-2.999080639149805859e+13
3.513966480446927676e+02	3.768945322199389648e+12	-2.955216458544275000e+13
3.533985102420857061e+02	6.411932711215400391e+12	-2.887189047665244141e+13
3.554003724394786445e+02	8.961939224062429688e+12	-2.795944522953864453e+13
3.574022346368715262e+02	1.139901178551694336e+13	-2.682608895517546484e+13
3.594040968342644646e+02	1.370446526720720117e+13	-2.548475591543039844e+13
3.614059590316574031e+02	1.586101590149359180e+13	-2.394991577551265234e+13
3.634078212290503416e+02	1.785290299923846875e+13	-2.223742387042819531e+13
3.654096834264432232e+02	1.966599779213736719e+13	-2.036436379088645703e+13
3.674115456238361617e+02	2.128789712457492578e+13	-1.834888471245262109e+13
3.694134078212291001e+02	2.270799970951113281e+13	-1.621003441395674023e+13
3.714152700186220386e+02	2.391756379938580859e+13	-1.396758783367149219e+13
3.734171322160149202e+02	2.490974674103022656e+13	-1.164187099288898242e+13
3.754189944134078587e+02	2.567962803269613672e+13	-9.253581162794416016e+12
3.774208566108007972e+02	2.622421755556923438e+13	-6.823605566417035156e+12
3.794227188081936788e+02	2.654244969600013281e+13	-4.372841776008765137e+12
3.814245810055866173e+02	2.663516282794871875e+13	-1.922022736454511719e+12
3.834264432029795557e+02	2.650506296781382812e+13	5.084518294269249268e+11
3.854283054003724942e+02	2.615667082358788281e+13	2.898677257346617676e+12
3.874301675977653758e+02	2.559625272118333203e+13	5.229399386074322266e+12
3.894320297951583143e+02	2.483173724969768750e+13	7.482163674584938477e+12
3.914338919925512528e+02	2.387262012609337891e+13	9.639456981752046875e+12
3.934357541899441912e+02	2.272985940132894922e+13	1.168483990941361328e+13
3.954376163873370729e+02	2.141576203837099609e+13	1.360306725632472070e+13
3.974394785847300113e+02	1.994386184800484766e+13	1.538019477964292773e+13
3.994413407821229498e+02	1.832878847310006641e+13	1.700367173960395312e+13
4.014432029795158883e+02	1.658612776670701562e+13	1.846241985393838281e+13
4.034450651769087699e+02	1.473227510045054883e+13	1.974689965844694531e+13
4.054469273743017084e+02	1.278428411864103906e+13	2.084916472114889453e+13
4.074487895716946468e+02	1.075971362063157422e+13	2.176290313871358594e+13
4.094506517690875853e+02	8.676474533962038086e+12	2.248346498979455078e+13
4.114525139664804669e+02	6.552677815822799805e+12	2.300787447591121875e+13
4.134543761638734054e+02	4.406483308632131836e+12	2.333482636251639062e+13
4.154562383612663439e+02	2.255949569991860840e+12	2.346466753135571875e+13
4.174581005586592823e+02	1.188854597833454285e+11	2.339936527239935938e+13
4.194599627560521640e+02	-1.987294732185562744e+12	2.314246394031942578e+13
4.214618249534451024e+02	-4.045710267511254395e+12	2.269903086661958203e+13
4.234636871508380409e+02	-6.040144949145778320e+12	2.207559150085796484e+13
4.254655493482309794e+02	-7.955168946942069336e+12	2.128005329687836328e+13
4.274674115456238610e+02	-9.776251329621476562e+12	2.032161819252127734e+13
4.294692737430167995e+02	-1.148986371953325000e+13	1.921068446915192188e+13
4.314711359404097379e+02	-1.308357525545896289e+13	1.795873975208389453e+13
4.334729981378026764e+02	-1.454613826570806641e+13	1.657824734310997266e+13
4.354748603351955580e+02	-1.586756328985841797e+13	1.508252773603157227e+13
4.374767225325884965e+02	-1.703918188800021289e+13	1.348563631829265039e+13
4.394785847299814350e+02	-1.805369621533264453e+13	1.180223747817718359e+13
4.414804469273743734e+02	-1.890521531962029688e+13	1.004747512690533203e+13
4.434823091247673119e+02	-1.958927897073389062e+13	8.236840134338415039e+12
4.454841713221601367e+02	-2.010287008317604688e+13	6.386036039060827148e+12
4.474860335195530752e+02	-2.044441636464756250e+13	4.510845068329491211e+12
4.494878957169460136e+02	-2.061378106871172266e+13	2.626996559016254395e+12
4.514897579143389521e+02	-2.061224219611131641e+13	7.500392741418843994e+11
4.534916201117318906e+02	-2.044245956860173047e+13	-1.104781763036387451e+12
4.554934823091248290e+02	-2.010842988097166797e+13	-2.922643908211232422e+12
4.574953445065177675e+02	-1.961543072619825000e+13	-4.689261000167766602e+12
4.594972067039107060e+02	-1.896995516607106250e+13	-6.390992360278398438e+12
4.614990689013035308e+02	-1.817963837372444922e+13	-8.014945403300249023e+12
4.635009310986964692e+02	-1.725317729348619141e+13	-9.549070206699302734e+12
4.655027932960894077e+02	-1.620024356817240625e+13	-1.098224463234657031e+13
4.675046554934823462e+02	-1.503138965208454102e+13	-1.230434933147556836e+13
4.695065176908752846e+02	-1.375794828932513477e+13	-1.350633276098721484e+13
4.715083798882682231e+02	-1.239192623428204297e+13	-1.458026674143722266e+13
4.735102420856611616e+02	-1.094589378959797266e+13	-1.551939290318858594e+13
4.755121042830541001e+02	-9.432872007592433594e+12	-1.631815978389584766e+13
4.775139664804469248e+02	-7.866219092423053711e+12	-1.697224979337448438e+13
4.795158286778398633e+02	-6.259516867127243164e+12	-1.747859515239481641e+13
4.815176908752328018e+02	-4.626457567525977539e+12	-1.783538235300369531e+13
4.835195530726257402e+02	-2.980731067975651855e+12	-1.804204543959742969e+13
4.855214152700186787e+02	-1.335913009435957520e+12	-1.809924904011518359e+13
4.875232774674116172e+02	2.946450724671347656e+11	-1.800886223998276953e+13
4.895251396648045557e+02	1.897922057181286865e+12	-1.777392404548283203e+13
4.915270018621974941e+02	3.461328437146794434e+12	-1.739860060748102734e+13
4.935288640595903189e+02	4.972801351457000000e+12	-1.688813398617720508e+13
4.955307262569832574e+02	6.420893088053806641e+12	-1.624878231666063477e+13
4.975325884543761958e+02	7.794853155513843750e+12	-1.548775175900896094e+13
4.995344506517691343e+02	9.084704022707058594e+12	-1.461312127575399609e+13
5.015363128491620728e+02	1.028131020463818359e+13	-1.363376168238674219e+13
5.035381750465550112e+02	1.137643985501605664e+13	-1.255925034039509375e+13
5.055400372439479497e+02	1.236281778568164453e+13	-1.139978238983143359e+13
5.075418994413407745e+02	1.323416906104089258e+13	-1.016607887746697070e+13
5.095437616387337130e+02	1.398525290210672461e+13	-8.869291885930798828e+12
5.115456238361266514e+02	1.461188724559956250e+13	-7.520906969992941406e+12
5.135474860335195899e+02	1.511096459788920312e+13	-6.132643724599456055e+12
5.155493482309125284e+02	1.548045966973708984e+13	-4.716355809124960938e+12
5.175512104283054668e+02	1.571942883135652930e+13	-3.283931913266946777e+12
5.195530726256984053e+02	1.582800102469745508e+13	-1.847198870733347656e+12
5.215549348230913438e+02	1.580735971006464258e+13	-4.178275839707005005e+11
5.235567970204841686e+02	1.565971577954753516e+13	9.927580476399526367e+11
5.255586592178771070e+02	1.538827194539150977e+13	2.373469124427074707e+12
5.275605214152700455e+02	1.499717957526148633e+13	3.713636321368935547e+12
5.295623836126629840e+02	1.449148904290144727e+13	5.003090234249290039e+12
5.315642458100559224e+02	1.387709437320888281e+13	6.232236369214989258e+12
5.335661080074488609e+02	1.316067250898166211e+13	7.392123698378669922e+12
5.355679702048417994e+02	1.234961723067130859e+13	8.474506118143520508e+12
5.375698324022347379e+02	1.145196782845301758e+13	9.471896688323509766e+12
5.395716945996275626e+02	1.047633302628852539e+13	1.037761488926714453e+13
5.415735567970205011e+02	9.431811145067476562e+12	1.118582712604391602e+13
5.435754189944134396e+02	8.327907768062101562e+12	1.189158038698280273e+13
5.455772811918063780e+02	7.174452076164215820e+12	1.249082858061868555e+13
5.475791433891993165e+02	5.981512628348103516e+12	1.298045091581808203e+13
5.495810055865922550e+02	4.759312932741851562e+12	1.335826189086989258e+13
5.515828677839851935e+02	3.518146958115428223e+12	1.362301292260499023e+13
5.535847299813781319e+02	2.268294888018025879e+12	1.377438611398141797e+13
5.555865921787709567e+02	1.019939806580383911e+12	1.381298086986008008e+13
5.575884543761638952e+02	-2.169136369382659302e+11	1.374029393524351758e+13
5.595903165735568336e+02	-1.432517450181756592e+12	1.355869307820679102e+13
5.615921787709497721e+02	-2.617454521757430664e+12	1.327138433390609961e+13
5.635940409683427106e+02	-3.762708404614676758e+12	1.288237269157668750e+13
5.655959031657356491e+02	-4.859728587880736328e+12	1.239641638856344727e+13
5.675977653631285875e+02	-5.900491279420829102e+12	1.181897541479479883e+13
5.695996275605214123e+02	-6.877555511100837891e+12	1.115615516959550391e+13
5.716014897579143508e+02	-7.784114035444626953e+12	1.041464625955355273e+13
5.736033519553072892e+02	-8.614038258547348633e+12	9.601661177318589844e+12
5.756052141527002277e+02	-9.361916521694210938e+12	8.724868237559541992e+12
5.776070763500931662e+02	-1.002308538698239453e+13	7.792322914296222656e+12
5.796089385474861047e+02	-1.059365401045408398e+13	6.812396777376948242e+12
5.816108007448790431e+02	-1.107052196052187695e+13	5.793704530803267578e+12
5.836126629422719816e+02	-1.145139082396713086e+13	4.745030015649740234e+12
5.856145251396648064e+02	-1.173476968772947266e+13	3.675252225626532715e+12
5.876163873370577448e+02	-1.191997429321983594e+13	2.593272277236234375e+12
5.896182495344506833e+02	-1.200711955055648438e+13	1.507941947120225830e+12
5.916201117318436218e+02	-1.199710527080358398e+13	4.279940420565316162e+11
5.936219739292365603e+02	-1.189159534150741797e+13	-6.380252885454631348e+11
5.956238361266294987e+02	-1.169299092671404688e+13	-1.681822071720092529e+12
5.976256983240224372e+02	-1.140439841962572461e+13	-2.695417344587460449e+12
5.996275605214153757e+02	-1.102959275189165820e+13	-3.671206527506101562e+12
6.016294227188082004e+02	-1.057297637764492969e+13	-4.602014521045603516e+12
6.036312849162011389e+02	-1.003953401027910547e+13	-5.481145931862728516e+12
6.056331471135940774e+02	-9.434783166991451172e+12	-6.302430193328144531e+12
6.076350093109870159e+02	-8.764720797394707031e+12	-7.060261641326369141e+12
6.096368715083799543e+02	-8.035766606759215820e+12	-7.749634675750835938e+12
6.116387337057728928e+02	-7.254703928951307617e+12	-8.366173972711431641e+12
6.136405959031658313e+02	-6.428619015033719727e+12	-8.906159450902869141e+12
6.156424581005587697e+02	-5.564839385878195312e+12	-9.366545535894320312e+12
6.176443202979515945e+02	-4.670871598479273438e+12	-9.744974337315552734e+12
6.196461824953445330e+02	-3.754338588945036621e+12	-1.003978263543733984e+13
6.216480446927374715e+02	-2.822916795288977539e+12	-1.025000291142939258e+13
6.236499068901304099e+02	-1.884273495748035400e+12	-1.037535886273895508e+13
6.256517690875233484e+02	-9.460050649273997803e+11	-1.041625582109266602e+13
6.276536312849162869e+02	-1.557697159461744881e+10	-1.037376628325573047e+13
6.296554934823092253e+02	8.997337668097901611e+11	-1.024961053594832031e+13
6.316573556797020501e+02	1.792893236107768555e+12	-1.004613227698360742e+13
6.336592178770949886e+02	2.657162229483082520e+12	-9.766269275330847656e+12
6.356610800744879270e+02	3.486144773921148438e+12	-9.413519400976492188e+12
6.376629422718808655e+02	4.273833458833322266e+12	-8.991902624700304688e+12
6.396648044692738040e+02	5.014651224160318359e+12	-8.505919685439782227e+12
6.416666666666667425e+02	5.703489076656299805e+12	-7.960508006399397461e+12
6.436685288640596809e+02	6.335739190547883789e+12	-7.360995202930064453e+12
6.456703910614526194e+02	6.907323040414860352e+12	-6.713050331014721680e+12
6.476722532588454442e+02	7.414714508360637695e+12	-6.022633006748644531e+12
6.496741154562383826e+02	7.854958140218859375e+12	-5.295940699453179688e+12
6.516759776536313211e+02	8.225682775487101562e+12	-4.539354755098767578e+12
6.536778398510242596e+02	8.525110640534164062e+12	-3.759385881631186523e+12
6.556797020484171981e+02	8.752061789629346680e+12	-2.962619814114596191e+12
6.576815642458101365e+02	8.905953660375496094e+12	-2.155663685806198730e+12
6.596834264432030750e+02	8.986795576906867188e+12	-1.345093382668184814e+12
6.616852886405960135e+02	8.995178263229632812e+12	-5.374020061481906738e+11
6.636871508379888382e+02	8.932258694265394531e+12	2.610504011698483276e+11
6.656890130353817767e+02	8.799740766026980469e+12	1.044085533458982056e+12
6.676908752327747152e+02	8.599852234078717773e+12	1.805753370516795654e+12
6.696927374301676537e+02	8.335318194738363281e+12	2.540375986969181152e+12
6.716945996275605921e+02	8.009331198250076172e+12	3.242588116645802734e+12
6.736964618249535306e+02	7.625518021636960938e+12	3.907374201985966797e+12
6.756983240223464691e+02	7.187903242217746094e+12	4.530101888871005859e+12
6.777001862197394075e+02	6.700869977935562500e+12	5.106552025968493164e+12
6.797020484171322323e+02	6.169118363068108398e+12	5.632945154501307617e+12
6.817039106145251708e+02	5.597622388247764648e+12	6.105964300119667969e+12
6.837057728119181093e+02	4.991585623528631836e+12	6.522773737401408203e+12
6.857076350093110477e+02	4.356396141070557617e+12	6.881033400144896484e+12
6.877094972067039862e+02	3.697580793359293457e+12	7.178908774219557617e+12
6.897113594040969247e+02	3.020758986146370117e+12	7.415076348744052734e+12
6.917132216014898631e+02	2.331596219329384766e+12	7.588724883799305664e+12
6.937150837988826879e+02	1.635757862725188232e+12	7.699552785068939453e+12
6.957169459962756264e+02	9.388637580618061523e+11	7.747761760978866211e+12
6.977188081936685649e+02	2.464442094121280823e+11	7.734046772080733398e+12
6.997206703910615033e+02	-4.361022447942597656e+11	7.659582191284483398e+12
7.017225325884544418e+02	-1.103549093442429199e+12	7.526004151798624023e+12
7.037243947858473803e+02	-1.750880088882969727e+12	7.335389244379562500e+12
7.057262569832403187e+02	-2.373325375359502441e+12	7.090229932602073242e+12
7.077281191806332572e+02	-2.966395287341873047e+12	6.793407166737370117e+12
7.097299813780260820e+02	-3.525911444446950684e+12	6.448160637353156250e+12
7.117318435754190205e+02	-4.048034720027228027e+12	6.058056958711495117e+12
7.137337057728119589e+02	-4.529289758526221680e+12	5.626955917848643555e+12
7.157355679702048974e+02	-4.966585914479883789e+12	5.158974874553339844e+12
7.177374301675978359e+02	-5.357234673715603516e+12	4.658451487402388672e+12
7.197392923649907743e+02	-5.698963693950216797e+12	4.129905116789848145e+12
7.217411545623837128e+02	-5.989927539509915039e+12	3.577997407496237305e+12
7.237430167597766513e+02	-6.228715044315517578e+12	3.007492586603590820e+12
7.257448789571694761e+02	-6.414353128051407227e+12	2.423217908739948730e+12
7.277467411545624145e+02	-6.546306899733152344e+12	1.830024506938672119e+12
7.297486033519553530e+02	-6.624476020417631836e+12	1.232748772602310303e+12
7.317504655493482915e+02	-6.649187489985172852e+12	6.361743725606497803e+11
7.337523277467412299e+02	-6.621185164522883789e+12	4.499511648448023987e+10
7.357541899441341684e+02	-6.541616327717624023e+12	-5.362209628485469360e+11
7.377560521415271069e+02	-6.412015538564698242e+12	-1.103065865379448486e+12
7.397579143389200453e+02	-6.234285839323004883e+12	-1.651323802015214111e+12
7.417597765363128701e+02	-6.010677333825828125e+12	-2.177001029974078369e+12
7.437616387337058086e+02	-5.743763194658434570e+12	-2.676353254903126465e+12
7.457635009310987471e+02	-5.436413305911362305e+12	-3.145910612299483887e+12
7.477653631284916855e+02	-5.091765909394450195e+12	-3.582500221221658691e+12
7.497672253258846240e+02	-4.713197701545957031e+12	-3.983266190547867676e+12
7.517690875232775625e+02	-4.304292783436248535e+12	-4.345686840626888184e+12
7.537709497206705009e+02	-3.868810733294712891e+12	-4.667588871300848633e+12
7.557728119180634394e+02	-3.410653939925425781e+12	-4.947158295333974609e+12
7.577746741154562642e+02	-2.933834291956187500e+12	-5.182948121800384766e+12
7.597765363128492027e+02	-2.442439389035672363e+12	-5.373882925985601562e+12
7.617783985102421411e+02	-1.940598578964385742e+12	-5.519260499999993164e+12
7.637802607076350796e+02	-1.432449238461766357e+12	-5.618750722032805664e+12
7.657821229050280181e+02	-9.221037296711779785e+11	-5.672391664930727539e+12
7.677839851024209565e+02	-4.136173677113450317e+11	-5.680582876876039062e+12
7.697858472998138950e+02	8.904241550876141357e+10	-5.644075777778426758e+12
7.717877094972067198e+02	5.820256397676271973e+11	-5.563961229193001953e+12
7.737895716945996583e+02	1.061628019507741943e+12	-5.441654491080407227e+12
7.757914338919925967e+02	1.524317739119150391e+12	-5.278877887423620117e+12
7.777932960893855352e+02	1.966760501261185547e+12	-5.077641506919494141e+12
7.797951582867784737e+02	2.385842525018667969e+12	-4.840222173515825195e+12
7.817970204841714121e+02	2.778691211082995605e+12	-4.569140802974327148e+12
7.837988826815643506e+02	3.142693320336864258e+12	-4.267138199362391602e+12
7.858007448789572891e+02	3.475510658913160645e+12	-3.937149384384103027e+12
7.878026070763501139e+02	3.775093346199324707e+12	-3.582276671258415039e+12
7.898044692737430523e+02	4.039690723564488770e+12	-3.205761820307357422e+12
7.918063314711359908e+02	4.267859867844835449e+12	-2.810957668213444336e+12
7.938081936685289293e+02	4.458471579257469727e+12	-2.401299574839407715e+12
7.958100558659218677e+02	4.610713691907530273e+12	-1.980276913222124756e+12
7.978119180633148062e+02	4.724091632078207031e+12	-1.551404715460432617e+12
7.998137802607077447e+02	4.798426287275748047e+12	-1.118195549434328369e+12
8.018156424581006831e+02	4.833849371369825195e+12	-6.841317581983248291e+11
8.038175046554935079e+02	4.830796512614554688e+12	-2.526383033588492126e+11
8.058193668528864464e+02	4.789998238454382812e+12	1.729434601269570312e+11
8.078212290502793849e+02	4.712468930084341797e+12	5.893807482150716553e+11
8.098230912476723233e+02	4.599493746141230469e+12	9.935728106055683594e+11
8.118249534450652618e+02	4.452613524598778320e+12	1.382572781489199219e+12
8.138268156424582003e+02	4.273607766060845703e+12	1.753607903532862793e+12
8.158286778398511387e+02	4.064475926653415039e+12	2.104098121305468506e+12
8.178305400372440772e+02	3.827417331357403320e+12	2.431672970518833496e+12
8.198324022346369020e+02	3.564810012876290039e+12	2.734186595123666016e+12
8.218342644320298405e+02	3.279188697032212402e+12	3.009730676724432129e+12
8.238361266294227789e+02	2.973222051993556152e+12	3.256645100561505371e+12
8.258379888268157174e+02	2.649689264604672852e+12	3.473526293944671387e+12
8.278398510242086559e+02	2.311456038171370605e+12	3.659233295582957520e+12
8.298417132216015943e+02	1.961450201885154785e+12	3.812891680858815430e+12
8.318435754189945328e+02	1.602637220346316650e+12	3.933895448500047852e+12
8.338454376163873576e+02	1.237995928518894043e+12	4.021906893301227051e+12
8.358472998137802961e+02	8.704947682424675293e+11	4.076854410863558594e+12
8.378491620111732345e+02	5.030686967629738159e+11	4.098928164386283203e+12
8.398510242085661730e+02	1.385968398583793640e+11	4.088573609627318848e+12
8.418528864059591115e+02	-2.201190705513157654e+11	4.046482988479819824e+12
8.438547486033520499e+02	-5.703753877186236572e+11	3.973584999647941895e+12
8.458566108007449884e+02	-9.095861949646613770e+11	3.871032882887188965e+12
8.478584729981379269e+02	-1.235301662222013428e+12	3.740191102242198730e+12
8.498603351955307517e+02	-1.545224877541204102e+12	3.582620724468952637e+12
8.518621973929236901e+02	-1.837226997629966797e+12	3.400063525121193359e+12
8.538640595903166286e+02	-2.109360673684434082e+12	3.194424862306032227e+12
8.558659217877095671e+02	-2.359871789350834961e+12	2.967755435641263672e+12
8.578677839851025055e+02	-2.587209554971855957e+12	2.722232148807276855e+12
8.598696461824954440e+02	-2.790034942206551758e+12	2.460138356583278320e+12
8.618715083798883825e+02	-2.967227364529003906e+12	2.183843764205361084e+12
8.638733705772813209e+02	-3.117889471990740234e+12	1.895784168930379150e+12
8.658752327746741457e+02	-3.241349965606275391e+12	1.598441141818495361e+12
8.678770949720670842e+02	-3.337164432611041016e+12	1.294321700198740723e+12
8.698789571694600227e+02	-3.405114305968220215e+12	9.859380463511837158e+11
8.718808193668529611e+02	-3.445204103746083984e+12	6.757875264131962891e+11
8.738826815642458996e+02	-3.457657082534553711e+12	3.663330416583145752e+11
8.758845437616388381e+02	-3.442909367049689453e+12	5.998416862885933685e+10
8.778864059590317765e+02	-3.401602550073241211e+12	-2.409208039575633850e+11
8.798882681564247150e+02	-3.334574743631613281e+12	-5.341318080509694824e+11
8.818901303538175398e+02	-3.242850118393328613e+12	-8.175028704306407471e+11
8.838919925512104783e+02	-3.127627063231589355e+12	-1.089006927442230103e+12
8.858938547486034167e+02	-2.990265175348294922e+12	-1.346749539657867432e+12
8.878957169459963552e+02	-2.832271308533623535e+12	-1.588981391715126709e+12
8.898975791433892937e+02	-2.655284857293544434e+12	-1.814109409395532227e+12
8.918994413407822321e+02	-2.461062374065682129e+12	-2.020706334973339600e+12
8.939013035381751706e+02	-2.251461560232395996e+12	-2.207518674272696289e+12
8.959031657355679954e+02	-2.028424677002484375e+12	-2.373473025675943848e+12
8.979050279329609339e+02	-1.793961486632633545e+12	-2.517680868554162109e+12
8.999068901303538723e+02	-1.550131916722497559e+12	-2.639441891885370117e+12
9.019087523277468108e+02	-1.299028687715248779e+12	-2.738245890015154785e+12
9.039106145251397493e+02	-1.042760125779345947e+12	-2.813773184632782227e+12
9.059124767225326877e+02	-7.834333108386011963e+11	-2.865893501335310059e+12
9.079143389199256262e+02	-5.231376274696062012e+11	-2.894663262251932129e+12
9.099162011173185647e+02	-2.639287444207647400e+11	-2.900321338391866211e+12
9.119180633147113895e+02	-7.813069524037616730e+09	-2.883283390499887695e+12
9.139199255121043279e+02	2.432672073647272949e+11	-2.844134967444028809e+12
9.159217877094972664e+02	4.874483070674780884e+11	-2.783623507524692383e+12
9.179236499068902049e+02	7.229580970754396973e+11	-2.702649322098693359e+12
9.199255121042831433e+02	9.481282250580247803e+11	-2.602255580298734375e+12
9.219273743016760818e+02	1.161405088490930908e+12	-2.483617301552253418e+12
9.239292364990690203e+02	1.361359652897878906e+12	-2.348029410140873047e+12
9.259310986964619588e+02	1.546696153905802734e+12	-2.196893985516696045e+12
9.279329608938547835e+02	1.716259682502641602e+12	-2.031706905202427734e+12
9.299348230912477220e+02	1.869042588807244873e+12	-1.854044085975912842e+12
9.319366852886406605e+02	2.004189595315836670e+12	-1.665547480253703857e+12
9.339385474860335989e+02	2.121001520845376221e+12	-1.467910910923513672e+12
9.359404096834265374e+02	2.218937580844344238e+12	-1.262865776967612549e+12
9.379422718808194759e+02	2.297616313347125977e+12	-1.052166665997139404e+12
9.399441340782124144e+02	2.356815235653766113e+12	-8.375769643446108398e+11
9.419459962756053528e+02	2.396469336000004883e+12	-6.208546237968436279e+11
9.439478584729981776e+02	2.416668454473040039e+12	-4.037382805673431396e+11
9.459497206703911161e+02	2.417653546692819824e+12	-1.879339012638208313e+11
9.479515828677840545e+02	2.399811796869868652e+12	2.489793663348078156e+10
9.499534450651769930e+02	2.363670575872941895e+12	2.331540959229538269e+11
9.519553072625699315e+02	2.309890310671132812e+12	4.353002654824592285e+11
9.539571694599628700e+02	2.239256402867742188e+12	6.298816649998897705e+11
9.559590316573558084e+02	2.152670364559063232e+12	8.155329957567705078e+11
9.579608938547487469e+02	2.051140314035717285e+12	9.909875108387227783e+11
9.599627560521416854e+02	1.935770912076355469e+12	1.155085067237406494e+12
9.619646182495346238e+02	1.807752764227261230e+12	1.306779066099385254e+12
9.639664804469275623e+02	1.668351302910085938e+12	1.445142262844168213e+12
9.659683426443202734e+02	1.518895203961761230e+12	1.569371493136263428e+12
9.679702048417132119e+02	1.360764459790075439e+12	1.678791378552067627e+12
9.699720670391061503e+02	1.195378282865842285e+12	1.772857042043173584e+12
9.719739292364990888e+02	1.024183016087327026e+12	1.851155805735651367e+12
9.739757914338920273e+02	8.486401789081389160e+11	1.913407804830738525e+12
9.759776536312849657e+02	6.702147100160350342e+11	1.959465461444260254e+12
9.779795158286779042e+02	4.903634210692966919e+11	1.989311819542583740e+12
9.799813780260708427e+02	3.105236790049876099e+11	2.003057814757554199e+12
9.819832402234637811e+02	1.321023820225916443e+11	2.000938599160487061e+12
9.839851024208567196e+02	-4.353464700776525116e+10	1.983309036367538330e+12
9.859869646182496581e+02	-2.150726968859660950e+11	1.950638434463748047e+12
9.879888268156425966e+02	-3.812575035230801392e+11	1.903504528159708496e+12
9.899906890130355350e+02	-5.409038163222954712e+11	1.842586696855048096e+12
9.919925512104284735e+02	-6.929031938227601318e+11	1.768658430632790771e+12
9.939944134078214120e+02	-8.362310591190284424e+11	1.682579117841999268e+12
9.959962756052143504e+02	-9.699530276244652100e+11	1.585285288581074951e+12
9.979981378026070615e+02	-1.093230468146666016e+12	1.477781471352428467e+12
1.000000000000000000e+03	-1.205325210923808350e+12	1.361130792680623047e+12
