-7.500000000000000000e+01	0.000000000000000000e+00	0.000000000000000000e+00
-7.299813780260707574e+01	1.894074034057655469e+13	1.140421037552184375e+14
-7.099627560521415148e+01	8.379750612049968750e+13	2.750460612578215938e+14
-6.899441340782122722e+01	2.048155487712371562e+14	4.942588208428594375e+14
-6.699255121042830297e+01	3.932586360201578125e+14	7.977588041005082500e+14
-6.499068901303537871e+01	6.681332930977140000e+14	1.232338683659761000e+15
-6.298882681564245445e+01	1.063902838124998500e+15	1.869544518189354750e+15
-6.098696461824953019e+01	1.637530790661653000e+15	2.808756498524660000e+15
-5.898510242085660593e+01	2.474155188265451500e+15	4.181084023309647500e+15
-5.698324022346368167e+01	3.691950167688481000e+15	6.155806478218103000e+15
-5.498137802607075741e+01	5.447605582095347000e+15	8.950161328990067000e+15
-5.297951582867783316e+01	7.943901476697101000e+15	1.284192086871913000e+16
-5.097765363128491600e+01	1.144005564389611200e+16	1.818301314939714000e+16
-4.897579143389199174e+01	1.626425998039380800e+16	2.541185538954755600e+16
-4.697392923649906749e+01	2.282663092559452400e+16	3.506211191845548800e+16
-4.497206703910614323e+01	3.163006369555375200e+16	4.776590868132950400e+16
-4.297020484171321897e+01	4.327621907187611200e+16	6.424958452668547200e+16
-4.096834264432029471e+01	5.846373004996692000e+16	8.531935472631284800e+16
-3.896648044692737045e+01	7.797514105715387200e+16	1.118325762301374240e+17
-3.696461824953444619e+01	1.026476085907883200e+17	1.446477134318373760e+17
-3.496275605214152193e+01	1.333198749477012640e+17	1.845429795449723520e+17
-3.296089385474859768e+01	1.707449695013104960e+17	2.320907648471575680e+17
-3.095903165735567342e+01	2.154559578419692160e+17	2.874740569154339520e+17
-2.895716945996274916e+01	2.675738204920573440e+17	3.502356166729294080e+17
-2.695530726256983201e+01	3.265571958695626240e+17	4.189668872774999040e+17
-2.495344506517690775e+01	3.909197178109592320e+17	4.909796660417381760e+17
-2.295158286778398349e+01	4.579859682466923520e+17	5.620643272904828160e+17
-2.094972067039105923e+01	5.238133141456305280e+17	6.265120966436469760e+17
-1.894785847299813497e+01	5.834403257855840000e+17	6.776186706716689920e+17
-1.694599627560521071e+01	6.315733087992431360e+17	7.088075990266538240e+17
-1.494413407821228645e+01	6.636447077276743680e+17	7.152448491094054400e+17
-1.294227188081936220e+01	6.769196112876463360e+17	6.954259096815523840e+17
-1.094040968342643794e+01	6.711719518780115200e+17	6.519769608309826560e+17
-8.938547486033513678e+00	6.485916053867728640e+17	5.911358848927440640e+17
-6.936685288640589420e+00	6.129844136103351040e+17	5.210486856712074880e+17
-4.934823091247665161e+00	5.686904131254672640e+17	4.496574299600230400e+17
-2.932960893854740902e+00	5.196952454609216000e+17	3.830682949017123200e+17
-9.310986964618166439e-01	4.691714322847420800e+17	3.248631563289025920e+17
1.070763500931107615e+00	4.194059231200062080e+17	2.762733478426338560e+17
3.072625698324031873e+00	3.719352052361710720e+17	2.368362015696848000e+17
5.074487895716956132e+00	3.277266597677547520e+17	2.051536229715107200e+17
7.076350093109880390e+00	2.873256260825423040e+17	1.795180380469231680e+17
9.078212290502804649e+00	2.509561749673969600e+17	1.583214743763503040e+17
1.108007448789572891e+01	2.185940831224064320e+17	1.402597145924680160e+17
1.308193668528865317e+01	1.900311118108104000e+17	1.243859792064002240e+17
1.508379888268157742e+01	1.649383290718551680e+17	1.100760291002786240e+17
1.708566108007450168e+01	1.429262089059610560e+17	9.695572514919467200e+16
1.908752327746742594e+01	1.235955158096574240e+17	8.482454321365744000e+16
2.108938547486033599e+01	1.065743921709333760e+17	7.359173485490548800e+16
2.309124767225326025e+01	9.154042814293158400e+16	6.322966522237184800e+16
2.509310986964618451e+01	7.822938426051928000e+16	5.374226498691731200e+16
2.709497206703910877e+01	6.643377034930072000e+16	4.514439858291564000e+16
2.909683426443203302e+01	5.599483263857823200e+16	3.744839971020994400e+16
3.109869646182495728e+01	4.679116774728423200e+16	3.065537643741076400e+16
3.310055865921788154e+01	3.872656741062732000e+16	2.475009694660473600e+16
3.510242085661080580e+01	3.171900211076429200e+16	1.969892899200948000e+16
3.710428305400373006e+01	2.569195140437236400e+16	1.545045317026906800e+16
3.910614525139665432e+01	2.056862741847878800e+16	1.193822890266472600e+16
4.110800744878957858e+01	1.626906855924277600e+16	9.085001413801554000e+15
4.310986964618250283e+01	1.270965856367370200e+16	6.807551149725095000e+15
4.511173184357542709e+01	9.804385714567952000e+15	5.021450417945052000e+15
4.711359404096835135e+01	7.467095103003966000e+15	3.645172909822748500e+15
4.911545623836127561e+01	5.614065239391253000e+15	2.603233421829787000e+15
5.111731843575419987e+01	4.166402364110426500e+15	1.828254518869849250e+15
5.311918063314712413e+01	3.051935100728827000e+15	1.262024657276560000e+15
5.512104283054003417e+01	2.206466030716243250e+15	8.557153116556548750e+14
5.712290502793297264e+01	1.574371459214658500e+15	5.694689197314907500e+14
5.912476722532588269e+01	1.108628889981142000e+15	3.715702574050066875e+14
6.112662942271882116e+01	7.703976029072280000e+14	2.373880056884112500e+14
6.312849162011173121e+01	5.282908415416133125e+14	1.482348398128452188e+14
6.513035381750466968e+01	3.574693215036377500e+14	9.025326765714500000e+13
6.713221601489757973e+01	2.386646694716083750e+14	5.339669210255614062e+13
6.913407821229051820e+01	1.572153489792278438e+14	3.054381655723357031e+13
7.113594040968342824e+01	1.021716251387225625e+14	1.676057860569461914e+13
7.313780260707636671e+01	6.550315353393220312e+13	8.707051494709177734e+12
7.513966480446927676e+01	4.142429562420157031e+13	4.176262408388076660e+12
7.714152700186221523e+01	2.583862945886375391e+13	1.746385851482545166e+12
7.914338919925512528e+01	1.589501512748406445e+13	5.259642419935925903e+11
8.114525139664806375e+01	9.642281774836248047e+12	-2.752510372833302689e+10
8.314711359404097379e+01	5.767266424628265625e+12	-2.333097433513393250e+11
8.514897579143391226e+01	3.400697468003069336e+12	-2.719102806023177795e+11
8.715083798882682231e+01	1.976520952257154785e+12	-2.404674408681794739e+11
8.915270018621976078e+01	1.132106961197375244e+12	-1.878490241753731689e+11
9.115456238361267083e+01	6.388968359754180908e+11	-1.362104972041396637e+11
9.315642458100560930e+01	3.551572989918336182e+11	-9.376328366815605164e+10
9.515828677839851935e+01	1.944144717120957947e+11	-6.202304231289640808e+10
9.716014897579145781e+01	1.047617774782718506e+11	-3.971494170312282562e+10
9.916201117318436786e+01	5.554747186117392731e+10	-2.473486663293952560e+10
1.011638733705773063e+02	2.896669152048309708e+10	-1.503327222349124718e+10
1.031657355679702164e+02	1.484734316388863754e+10	-8.937669400254934311e+09
1.051675977653631548e+02	7.474804299866693497e+09	-5.207205542814217567e+09
1.071694599627560649e+02	3.692880809362555504e+09	-2.977186722936202049e+09
1.091713221601490034e+02	1.788389969565310717e+09	-1.672327245776124477e+09
1.111731843575419134e+02	8.477708326119494438e+08	-9.237619490326235294e+08
1.131750465549348519e+02	3.926665356607314944e+08	-5.021958249098261595e+08
1.151769087523277619e+02	1.772785957835594714e+08	-2.688862012221701145e+08
1.171787709497206720e+02	7.776139783791095018e+07	-1.418808297939710021e+08
1.191806331471136104e+02	3.298906359445502236e+07	-7.382326647339266539e+07
1.211824953445065205e+02	1.344564833975334652e+07	-3.789776509089869261e+07
1.231843575418994590e+02	5.210893078787250444e+06	-1.920458552395732328e+07
1.251862197392923690e+02	1.887092963130282471e+06	-9.611027432493112981e+06
1.271880819366853075e+02	6.176209486491525313e+05	-4.752127099462682381e+06
1.291899441340782175e+02	1.686783961760810053e+05	-2.322239823578177020e+06
1.311918063314711560e+02	2.811949321459750354e+04	-1.121828495109708747e+06
1.331936685288640660e+02	-6.305226744168660844e+03	-5.357657099154694006e+05
1.351955307262570045e+02	-9.264969585921809994e+03	-2.529163630576723954e+05
1.371973929236499146e+02	-5.663164431440172848e+03	-1.179520451559812645e+05
1.391992551210428530e+02	-2.391206607759955205e+03	-5.428922587874752207e+04
1.412011173184357631e+02	-5.500223942169415068e+02	-2.461687625929173737e+04
1.432029795158287016e+02	2.238133462868707113e+02	-1.096511869744224350e+04
1.452048417132216116e+02	4.267132828570423726e+02	-4.775866232842446152e+03
1.472067039106145501e+02	3.905028528233304428e+02	-2.018776096786227754e+03
1.492085661080074601e+02	2.866552093274356139e+02	-8.175957316484281137e+02
1.512104283054003986e+02	1.867699083161529074e+02	-3.096627338479055993e+02
1.532122905027933086e+02	1.121232400276959140e+02	-1.038987310027362128e+02
1.552141527001862471e+02	6.303483761654307926e+01	-2.599421485534009335e+01
1.572160148975791572e+02	3.337952500708435366e+01	7.954431411801130003e-02
1.592178770949720956e+02	1.661557849464671932e+01	6.523879339474970784e+00
1.612197392923650057e+02	7.685608055310726883e+00	6.406704532826046794e+00
1.632216014897579441e+02	3.207021336994514638e+00	4.681930182625149151e+00
1.652234636871508542e+02	1.112867712679226795e+00	3.005564220794461061e+00
1.672253258845437927e+02	2.229743922692987990e-01	1.781324037589185449e+00
1.692271880819367027e+02	-9.815083332503724001e-02	9.937288570421834999e-01
1.712290502793296412e+02	-1.735820570426854781e-01	5.251987951311355429e-01
1.732309124767225512e+02	-1.573305659130183332e-01	2.624939086641818742e-01
1.752327746741154897e+02	-1.169248166654896920e-01	1.227211444728591727e-01
1.772346368715083997e+02	-7.830769023485771585e-02	5.223196236980091195e-02
1.792364990689013382e+02	-4.893814455764958909e-02	1.884751965596488665e-02
1.812383612662942483e+02	-2.899017714618513930e-02	4.337189902779546406e-03
1.832402234636871867e+02	-1.639325325609454140e-02	-1.125581378329364429e-03
1.852420856610800683e+02	-8.864434191523436896e-03	-2.580796843585212753e-03
1.872439478584730068e+02	-4.570777478291195538e-03	-2.471962095151573977e-03
1.892458100558659453e+02	-2.228182149390959231e-03	-1.900177702910732297e-03
1.912476722532588838e+02	-1.007704288285018795e-03	-1.308732216622905762e-03
1.932495344506517654e+02	-4.048179190373031523e-04	-8.397866549669989571e-04
1.952513966480447039e+02	-1.268967378731060804e-04	-5.109343184145734599e-04
1.972532588454376423e+02	-1.149975038285801409e-05	-2.972057100920034111e-04
1.992551210428305808e+02	2.766502473789200244e-05	-1.658166549719559566e-04
2.012569832402234624e+02	3.426030009765092645e-05	-8.867038499175284975e-05
2.032588454376164009e+02	2.909376246258774389e-05	-4.522859770461056531e-05
2.052607076350093394e+02	2.128056383454510287e-05	-2.176487576067485564e-05
2.072625698324022778e+02	1.428161217693877583e-05	-9.654791015489964085e-06
2.092644320297951595e+02	9.025280429829476346e-06	-3.736893871845555787e-06
2.112662942271880979e+02	5.437626810932745789e-06	-1.050946662984575043e-06
2.132681564245810364e+02	3.141560071460971656e-06	3.294253457192643609e-08
2.152700186219739749e+02	1.743434340381539382e-06	3.746599587515608472e-07
2.172718808193668565e+02	9.277099718774169597e-07	4.061619220430613709e-07
2.192737430167597950e+02	4.705266188947156406e-07	3.312969633486550169e-07
2.212756052141527334e+02	2.246122287100592028e-07	2.378813521601622745e-07
2.232774674115456719e+02	9.826793066523187133e-08	1.580404935449827909e-07
2.252793296089385535e+02	3.691536574397195765e-08	9.926895998745619730e-08
2.272811918063314920e+02	9.364092038772633607e-09	5.957168221594895569e-08
2.292830540037244305e+02	-1.512935220620658797e-09	3.431809162392236051e-08
2.312849162011173689e+02	-4.727535478974523225e-09	1.899777181748882740e-08
2.332867783985102506e+02	-4.790660393551149193e-09	1.008181758084061631e-08
2.352886405959031890e+02	-3.818435289712571909e-09	5.094831454381939168e-09
2.372905027932961275e+02	-2.711750731083150013e-09	2.417936887023537005e-09
2.392923649906890660e+02	-1.790697122924389545e-09	1.046409886729700538e-09
2.412942271880819476e+02	-1.120670290029953107e-09	3.833428165359000378e-10
2.432960893854748861e+02	-6.709015613548349380e-10	8.800465470458924501e-11
2.452979515828678245e+02	-3.857955263916257309e-10	-2.652179737813128619e-11
2.472998137802607062e+02	-2.132119213902518677e-10	-5.845991274830952134e-11
2.493016759776536446e+02	-1.129254820006781143e-10	-5.686510339899923793e-11
2.513035381750465831e+02	-5.690459264845711942e-11	-4.464936346345932219e-11
2.533054003724395216e+02	-2.687827983422352261e-11	-3.147728048387547876e-11
2.553072625698324032e+02	-1.152687650587499966e-11	-2.070113034325389788e-11
2.573091247672253417e+02	-4.131733503409096664e-12	-1.292306762950889208e-11
2.593109869646182801e+02	-8.600344238983899524e-13	-7.723503420508206432e-12
2.613128491620112186e+02	3.894790859518243003e-13	-4.435419655902212659e-12
2.633147113594041002e+02	7.199037319680462125e-13	-2.448045913773731237e-12
2.653165735567970387e+02	6.811537584455039814e-13	-1.294475956483776914e-12
2.673184357541899772e+02	5.291644064900718638e-13	-6.507357410993479712e-13
2.693202979515829156e+02	3.710765201657498903e-13	-3.061233131558046890e-13
2.713221601489757973e+02	2.433016386058506821e-13	-1.302534653928580080e-13
2.733240223463687357e+02	1.515969222898735071e-13	-4.579090128016262053e-14
2.753258845437616742e+02	9.048119478793812354e-14	-8.640116091021102720e-15
2.773277467411546127e+02	5.190375151331661095e-14	5.359946351111059824e-15
2.793296089385474943e+02	2.861499768490636158e-14	8.882380496114782429e-15
2.813314711359404328e+02	1.510951773341617936e-14	8.235337970969613980e-15
2.833333333333333712e+02	7.579527192393974369e-15	6.345932544647307084e-15
2.853351955307263097e+02	3.552838144243494916e-15	4.431568864580063063e-15
2.873370577281191913e+02	1.501126117224067211e-15	2.898546188898104524e-15
2.893389199255121298e+02	5.184389687801787491e-16	1.803189517832523122e-15
2.913407821229050683e+02	8.844180684210033012e-17	1.075014330362205582e-15
2.933426443202980067e+02	-7.164577933120595428e-17	6.160763918300796993e-16
2.953445065176908884e+02	-1.100406771782506287e-16	3.393059125747426792e-16
2.973463687150838268e+02	-1.004183860622503107e-16	1.789319351178157621e-16
2.993482309124767653e+02	-7.687244986691805092e-17	8.958572698063236778e-17
3.013500931098697038e+02	-5.349769899383953299e-17	4.185460555911425212e-17
3.033519553072625854e+02	-3.491934918494085981e-17	1.757029205944651525e-17
3.053538175046555239e+02	-2.169404835446232793e-17	5.968353909052454919e-18
3.073556797020484623e+02	-1.292047613863989369e-17	9.160551918915277040e-19
3.093575418994413440e+02	-7.398045305838282056e-18	-9.437709108525896309e-19
3.113594040968342824e+02	-4.070637044931206983e-18	-1.369402273488690586e-18
3.133612662942272209e+02	-2.143998406973632326e-18	-1.233609644512698715e-18
3.153631284916201594e+02	-1.071463330329313927e-18	-9.391827896499555449e-19
3.173649906890130410e+02	-4.990465222106473851e-19	-6.516965731579334841e-19
3.193668528864059795e+02	-2.082392474930301639e-19	-4.246278911416978004e-19
3.213687150837989179e+02	-6.963851760938474529e-20	-2.634896469156346544e-19
3.233705772811918564e+02	-9.553322739500053445e-21	-1.567832016743337582e-19
3.253724394785847380e+02	1.233264853886379244e-20	-8.969523584720511221e-20
3.273743016759776765e+02	1.711595479249954512e-20	-4.930715286545913071e-20
3.293761638733706150e+02	1.525340397185422288e-20	-2.593893381780917360e-20
3.313780260707635534e+02	1.155864208994568788e-20	-1.294036492245476681e-20
3.333798882681564351e+02	8.000151109838820697e-21	-6.009780953079019779e-21
3.353817504655493735e+02	5.204422320732191855e-21	-2.493727907902389900e-21
3.373836126629423120e+02	3.225837031645242929e-21	-8.217090838050059254e-22
3.393854748603352505e+02	1.917736131506392528e-21	-9.988081867492515413e-23
3.413873370577281321e+02	1.096217390380522959e-21	1.604604712935851754e-22
3.433891992551210706e+02	6.020675866182637800e-22	2.148229338515268740e-22
3.453910614525140090e+02	3.163702574298811982e-22	1.896890685231024187e-22
3.473929236499069475e+02	1.575733276712458903e-22	1.431512962407487469e-22
3.493947858472998291e+02	7.298419750415998134e-23	9.885256057626031304e-23
3.513966480446927676e+02	3.012560726928566592e-23	6.421273896407556671e-23
3.533985102420857061e+02	9.787171525278680747e-24	3.975857755236053778e-23
3.554003724394786445e+02	1.041238481160153060e-24	2.361603667468965897e-23
3.574022346368715262e+02	-2.083472371421136265e-24	1.348883343648394187e-23
3.594040968342644646e+02	-2.706609864921111192e-24	7.402135460456980432e-24
3.614059590316574031e+02	-2.370629024869687703e-24	3.885493137054421064e-24
3.634078212290503416e+02	-1.782398305577987160e-24	1.932246127929266455e-24
3.654096834264432232e+02	-1.228239828664274325e-24	8.926769875329717034e-25
3.674115456238361617e+02	-7.967595551130206768e-25	3.666162014807384479e-25
3.694134078212291001e+02	-4.928507009260720155e-25	1.174826086379793803e-25
3.714152700186220386e+02	-2.925176168188795094e-25	1.075861112092361139e-26
3.734171322160149202e+02	-1.669558445411370981e-25	-2.702276189157457774e-26
3.754189944134078587e+02	-9.154460014596028320e-26	-3.421356989996078247e-26
3.774208566108007972e+02	-4.800315562050071215e-26	-2.975147321593066900e-26
3.794227188081936788e+02	-2.383573736463233313e-26	-2.229487321739392936e-26
3.814245810055866173e+02	-1.098454491966856444e-26	-1.533428788689992619e-26
3.834264432029795557e+02	-4.489563695307247984e-27	-9.935227188454243444e-27
3.854283054003724942e+02	-1.419806360247976046e-27	-6.140157428983908091e-27
3.874301675977653758e+02	-1.095898031465451531e-28	-3.641603407040599512e-27
3.894320297951583143e+02	3.502019739083860156e-28	-2.076954872185335108e-27
3.914338919925512528e+02	4.337177039313648029e-28	-1.137900821720029927e-27
3.934357541899441912e+02	3.747657049230378658e-28	-5.960653789078991259e-28
3.954376163873370729e+02	2.800084229988970008e-28	-2.955427156664376681e-28
3.974394785847300113e+02	1.922598848068579890e-28	-1.358808638051648694e-28
3.994413407821229498e+02	1.244251986832610871e-28	-5.528604005553145273e-29
4.014432029795158883e+02	7.683056488373561409e-29	-1.726503632168109543e-29
4.034450651769087699e+02	4.553266590582545401e-29	-1.091954009672350395e-30
4.054469273743017084e+02	2.595033762564689209e-29	4.537181603908912690e-30
4.074487895716946468e+02	1.420621223383831270e-29	5.512931908235940063e-30
4.094506517690875853e+02	7.434453264366329946e-30	4.736649319586331908e-30
4.114525139664804669e+02	3.681221197706627310e-30	3.529424775428623153e-30
4.134543761638734054e+02	1.688833579630930135e-30	2.419470793446804317e-30
4.154562383612663439e+02	6.842072987340109125e-31	1.564082377990940265e-30
4.174581005586592823e+02	2.110796398369014179e-31	9.649799627503677619e-31
4.194599627560521640e+02	1.046716845333713397e-32	5.714760835837382892e-31
4.214618249534451024e+02	-5.880302017726788562e-32	3.254825156632115012e-31
4.234636871508380409e+02	-7.024820758355947781e-32	1.780542532701492253e-31
4.254655493482309794e+02	-6.004207206596599874e-32	9.309753587168461701e-32
4.274674115456238610e+02	-4.462518690826260869e-32	4.603942073361864413e-32
4.294692737430167995e+02	-3.054451491592116970e-32	2.107727935845917821e-32
4.314711359404097379e+02	-1.972534152898781250e-32	8.503711597296710395e-33
4.334729981378026764e+02	-1.216046037954917882e-32	2.592219524301113728e-33
4.354748603351955580e+02	-7.197030605116173107e-33	9.363499714927252247e-35
4.374767225325884965e+02	-4.096556399409965582e-33	-7.623420509185989134e-34
4.394785847299814350e+02	-2.239486406745453692e-33	-8.969601661419264722e-34
4.414804469273743734e+02	-1.169914750028481696e-33	-7.629798315546807165e-34
4.434823091247673119e+02	-5.778252728967309778e-34	-5.657505848789700880e-34
4.454841713221601367e+02	-2.639896148708951573e-34	-3.867072009841462180e-34
4.474860335195530752e+02	-1.060807429749605782e-34	-2.495028984245847874e-34
4.494878957169460136e+02	-3.196566277892234528e-35	-1.537093143193400649e-34
4.514897579143389521e+02	-7.359424201807404059e-37	-9.091614208980508964e-35
4.534916201117318906e+02	9.883064454269803321e-36	-5.171796731389116890e-35
4.554934823091248290e+02	1.147260765050035798e-35	-2.825322749212571927e-35
4.574953445065177675e+02	9.717307568877883181e-36	-1.474660919118993449e-35
4.594972067039107060e+02	7.190451118690135152e-36	-7.274521380755993343e-36
4.614990689013035308e+02	4.908795714940838107e-36	-3.317092337781612492e-36
4.635009310986964692e+02	3.164413601805624861e-36	-1.327960919472745519e-36
4.655027932960894077e+02	1.948129361021377518e-36	-3.958035166108518664e-37
4.675046554934823462e+02	1.151563662979105235e-36	-4.113342188001111461e-39
4.695065176908752846e+02	6.546652008666511986e-37	1.281516383953568518e-37
4.715083798882682231e+02	3.573993543425694858e-37	1.469994124180619427e-37
4.735102420856611616e+02	1.863921392841226405e-37	1.240277209787255644e-37
4.755121042830541001e+02	9.184648510063646898e-38	9.159807832459757275e-38
4.775139664804469248e+02	4.180719299184627538e-38	6.245684740641424621e-38
4.795158286778398633e+02	1.667838138340265537e-38	4.022730038669676050e-38
4.815176908752328018e+02	4.918641515238435939e-39	2.474830796445170462e-38
4.835195530726257402e+02	-9.877493120825642221e-42	1.462034768638856321e-38
4.855214152700186787e+02	-1.662894276812285126e-39	8.307057120024094683e-39
4.875232774674116172e+02	-1.886731244089382431e-39	4.532384288693801969e-39
4.895251396648045557e+02	-1.586051685583535216e-39	2.362045317012835663e-39
4.915270018621974941e+02	-1.169137583298649791e-39	1.162722048644971869e-39
4.935288640595903189e+02	-7.962507386308240786e-40	5.283463409385396417e-40
4.955307262569832574e+02	-5.124335621962287981e-40	2.100455081582162776e-40
4.975325884543761958e+02	-3.150623414407017810e-40	6.129609407555617059e-41
4.995344506517691343e+02	-1.860320728229556305e-40	-8.782034400113418941e-43
5.015363128491620728e+02	-1.056490242312769428e-40	-2.158932477808401036e-41
5.035381750465550112e+02	-5.761093052914482887e-41	-2.424812798433823494e-41
5.055400372439479497e+02	-3.000212384462102777e-41	-2.031368018857269431e-41
5.075418994413407745e+02	-1.475300617846495112e-41	-1.494802476183555537e-41
5.095437616387337130e+02	-6.692270652167219602e-42	-1.016992103045787439e-41
5.115456238361266514e+02	-2.651531004022046484e-42	-6.540364071276488723e-42
5.135474860335195899e+02	-7.659452146946961533e-43	-4.019093961717388300e-42
5.155493482309125284e+02	2.013512935123224284e-44	-2.371975938634399484e-42
5.175512104283054668e+02	2.803018434624739946e-43	-1.346382799065149558e-42
5.195530726256984053e+02	3.119713721793790031e-43	-7.337543060187940899e-43
5.215549348230913438e+02	2.605532346900132050e-43	-3.818315557993979338e-43
5.235567970204841686e+02	1.914399960477298742e-43	-1.875654850214775569e-43
5.255586592178771070e+02	1.301265088412248280e-43	-8.494735681640304276e-44
5.275605214152700455e+02	8.362996097411880888e-44	-3.355251041143006636e-44
5.295623836126629840e+02	5.136254705297989185e-44	-9.600465518330442110e-45
5.315642458100559224e+02	3.029709734060052561e-44	3.620888883184920875e-46
5.335661080074488609e+02	1.718809696378178351e-44	3.640149626403256431e-45
5.355679702048417994e+02	9.361811815671518060e-45	4.018800562916027231e-45
5.375698324022347379e+02	4.868424347600048753e-45	3.347131651415622625e-45
5.395716945996275626e+02	2.389352972183598583e-45	2.455741586090510040e-45
5.415735567970205011e+02	1.080582244374622857e-45	1.667663363928801480e-45
5.435754189944134396e+02	4.255751976774652877e-46	1.071021298478506803e-45
5.455772811918063780e+02	1.206511524970887387e-46	6.574021925439274123e-46
5.475791433891993165e+02	-5.909059465149866733e-48	3.875853103264008284e-46
5.495810055865922550e+02	-4.731264917097894322e-47	2.197823375082702547e-46
5.515828677839851935e+02	-5.183775050563896878e-47	1.196515309435426020e-46
5.535847299813781319e+02	-4.305605996474193258e-47	6.218661954162028253e-47
5.555865921787709567e+02	-3.154326112455828461e-47	3.049491644256441678e-47
5.575884543761638952e+02	-2.140043410821924042e-47	1.377174602910644383e-47
5.595903165735568336e+02	-1.373485705750790997e-47	5.407911455319834866e-48
5.615921787709497721e+02	-8.426397661589673834e-48	1.518846370316397956e-48
5.635940409683427106e+02	-4.965954446803576629e-48	-9.163196533264833300e-50
5.655959031657356491e+02	-2.814889096188258453e-48	-6.153219928424923122e-49
5.675977653631285875e+02	-1.531769968214619919e-48	-6.692528387595683483e-49
5.695996275605214123e+02	-7.956289706419641154e-49	-5.544140465943410228e-49
5.716014897579143508e+02	-3.898069152360777470e-49	-4.056189035996253746e-49
5.736033519553072892e+02	-1.757785148768515027e-49	-2.749680619635356908e-49
5.756052141527002277e+02	-6.882309666673590942e-50	-1.763801403182035191e-49
5.776070763500931662e+02	-1.915418255441621575e-50	-1.081653543985562423e-49
5.796089385474861047e+02	1.366980802341069494e-51	-6.372101038712640448e-50
5.816108007448790431e+02	8.002124683388810562e-51	-3.610419141033667060e-50
5.836126629422719816e+02	8.646217661456921440e-51	-1.963657946608295157e-50
5.856145251396648064e+02	7.146145850424890904e-51	-1.019284638296666790e-50
5.876163873370577448e+02	5.222267600074627354e-51	-4.989356321969663650e-51
5.896182495344506833e+02	3.537689104538029064e-51	-2.246811711197194882e-51
5.916201117318436218e+02	2.268097963443552616e-51	-8.773908703516515758e-52
5.936219739292365603e+02	1.390274273031246771e-51	-2.421501060964314540e-52
5.956238361266294987e+02	8.186462965857878004e-52	1.980686128433153703e-53
5.976256983240224372e+02	4.636218470928563466e-52	1.040870318276907573e-52
5.996275605214153757e+02	2.520286648106354896e-52	1.118118248152447538e-52
6.016294227188082004e+02	1.307458867947726592e-52	9.222167219782604128e-53
6.036312849162011389e+02	6.395198917435161058e-53	6.731891730071324151e-53
6.056331471135940774e+02	2.876522346260793282e-53	4.556880252133756103e-53
6.076350093109870159e+02	1.120577991790780834e-53	2.919765204676755497e-53
6.096368715083799543e+02	3.067471335303161001e-54	1.788808694099458147e-53
6.116387337057728928e+02	-2.827254059164442353e-55	1.052848626099328630e-53
6.136405959031658313e+02	-1.355224025440751392e-54	5.960192348033485924e-54
6.156424581005587697e+02	-1.447563786799899947e-54	3.238742392043690959e-54
6.176443202979515945e+02	-1.191364843907373744e-54	1.679397543304083508e-54
6.196461824953445330e+02	-8.686024470371941658e-55	8.208869448389002716e-55
6.216480446927374715e+02	-5.874898473723231209e-55	3.687855989843248667e-55
6.236499068901304099e+02	-3.762109747482482641e-55	1.432937129492708257e-55
6.256517690875233484e+02	-2.303910165532675323e-55	3.888861058257798080e-56
6.276536312849162869e+02	-1.355582007690444569e-55	-4.002732319538063815e-57
6.296554934823092253e+02	-7.671641270250606508e-56	-1.765752359238526393e-56
6.316573556797020501e+02	-4.167225027607101449e-56	-1.875303264712015463e-56
6.336592178770949886e+02	-2.159726634091647126e-56	-1.540069344753273878e-56
6.356610800744879270e+02	-1.054819686513822051e-56	-1.121570271220381571e-56
6.376629422718808655e+02	-4.732420898378259824e-57	-7.580829222071919705e-57
6.396648044692738040e+02	-1.833923134429147440e-57	-4.852461045863153644e-57
6.416666666666667425e+02	-4.935051250485347435e-58	-2.970684321960109319e-57
6.436685288640596809e+02	5.599797137471741568e-59	-1.747358261288255004e-57
6.456703910614526194e+02	2.300226783282332391e-58	-9.885169345774354518e-58
6.476722532588454442e+02	2.430351455321024540e-58	-5.367052296320187816e-58
6.496741154562383826e+02	1.992246450716693699e-58	-2.779823033926590426e-58
6.516759776536313211e+02	1.449570961889826796e-58	-1.356546153354952731e-58
6.536778398510242596e+02	9.792497731901845987e-59	-6.078610082176783647e-59
6.556797020484171981e+02	6.265514567613520337e-59	-2.350129594622635612e-59
6.576815642458101365e+02	3.834217275849667965e-59	-6.276051975690112015e-60
6.596834264432030750e+02	2.254323858761209155e-59	7.738424621345778728e-61
6.616852886405960135e+02	1.274729777202263480e-59	2.996875120747011639e-60
6.636871508379888382e+02	6.917629657436233458e-60	3.152299274241078019e-60
6.656890130353817767e+02	3.581033306653935987e-60	2.579857240556418452e-60
6.676908752327747152e+02	1.746405714195770803e-60	1.875427960342242272e-60
6.696927374301676537e+02	7.817761083705249353e-61	1.266103413525630848e-60
6.716945996275605921e+02	3.016168975519973683e-61	8.096372187673983805e-61
6.736964618249535306e+02	7.994211119724058451e-62	4.952175140022927099e-61
6.756983240223464691e+02	-1.065184994371275223e-62	2.910374053570822289e-61
6.777001862197394075e+02	-3.909053769254693486e-62	1.645093669973989235e-61
6.797020484171322323e+02	-4.093121505236261667e-62	8.924490821180265538e-62
6.817039106145251708e+02	-3.343679866375353720e-62	4.618150031900253605e-62
6.837057728119181093e+02	-2.428031757871267793e-62	2.250883183392418256e-62
6.857076350093110477e+02	-1.637925497565323116e-62	1.006519106677512658e-62
6.877094972067039862e+02	-1.046839513252690169e-62	3.873913695686073945e-63
6.897113594040969247e+02	-6.400587202568256814e-63	1.018157444708946169e-63
6.917132216014898631e+02	-3.760558672790364034e-63	-1.466552624888704398e-64
6.937150837988826879e+02	-2.125139944759959744e-63	-5.103111465676771528e-64
6.957169459962756264e+02	-1.152516618760962889e-63	-5.317289129127380025e-64
6.977188081936685649e+02	-5.961086363102119027e-64	-4.335288208152825855e-64
6.997206703910615033e+02	-2.903166958879741102e-64	-3.144863371176553933e-64
7.017225325884544418e+02	-1.296479357091643772e-64	-2.120240068517611605e-64
7.037243947858473803e+02	-4.976909821959170076e-65	-1.354614886061787917e-64
7.057262569832403187e+02	-1.297007561334866898e-65	-8.280256851928626196e-65
7.077281191806332572e+02	2.007673123022048381e-66	-4.863650990924334442e-65
7.097299813780260820e+02	6.659485776078840593e-66	-2.747560152693741791e-65
7.117318435754190205e+02	6.908356828318398678e-66	-1.489356017884606885e-65
7.137337057728119589e+02	5.623655015576971285e-66	-7.698352533127444882e-66
7.157355679702048974e+02	4.076413286400017491e-66	-3.746073738948362187e-66
7.177374301675978359e+02	2.747071013829860124e-66	-1.670880521485522360e-66
7.197392923649907743e+02	1.754468527460711596e-66	-6.399992558039301875e-67
7.217411545623837128e+02	1.072034278262401979e-66	-1.655542746105906777e-67
7.237430167597766513e+02	6.294140089199579773e-67	2.725988758963629449e-68
7.257448789571694761e+02	3.553921243587420280e-67	8.690645151293580267e-68
7.277467411545624145e+02	1.925460625812014105e-67	8.982262405567442140e-68
7.297486033519553530e+02	9.947239554654697203e-68	7.301997590400684126e-68
7.317504655493482915e+02	4.837469750385958848e-68	5.288857684644111483e-68
7.337523277467412299e+02	2.155742807239043070e-68	3.561929324661478032e-68
7.357541899441341684e+02	8.241140115538983520e-69	2.273601588822874519e-68
7.377560521415271069e+02	2.116046747170046687e-69	1.388508704393603076e-68
7.397579143389200453e+02	-3.700046999009395822e-70	8.148477797566134949e-69
7.417597765363128701e+02	-1.135751117460785338e-69	4.599224214134707723e-69
7.437616387337058086e+02	-1.169211979748131915e-69	2.491008758546677705e-69
7.457635009310987471e+02	-9.488684221427052957e-70	1.286465921779764744e-69
7.477653631284916855e+02	-6.865209282124735432e-70	6.252987219234167623e-70
7.497672253258846240e+02	-4.619921937075131439e-70	2.783655823781838955e-70
7.517690875232775625e+02	-2.947245170576861400e-70	1.061568671616645675e-70
7.537709497206705009e+02	-1.799214525528761904e-70	2.701494038505818033e-71
7.557728119180634394e+02	-1.055603213789503581e-70	-5.041940754324254072e-72
7.577746741154562642e+02	-5.956884167916375496e-71	-1.485794542894220497e-71
7.597765363128492027e+02	-3.225457059188206887e-71	-1.522473541048281685e-71
7.617783985102421411e+02	-1.664982788539622737e-71	-1.233169128900516049e-71
7.637802607076350796e+02	-8.086142233870326192e-72	-8.912906788107747605e-72
7.657821229050280181e+02	-3.594574013971555282e-72	-5.994439875584794940e-72
7.677839851024209565e+02	-1.366961529331500610e-72	-3.822880325403534349e-72
7.697858472998138950e+02	-3.446454203138708976e-73	-2.333268673476166344e-72
7.717877094972067198e+02	6.846853737856892661e-74	-1.368614087296209409e-72
7.737895716945996583e+02	1.942476802389344731e-73	-7.720514163352563624e-73
7.757914338919925967e+02	1.982096445359270845e-73	-4.178188621467311759e-73
7.777932960893855352e+02	1.603066086774899718e-73	-2.155208998119940645e-73
7.797951582867784737e+02	1.157864782655598116e-73	-1.045699915079435636e-73
7.817970204841714121e+02	7.784383915755035192e-74	-4.642431669866797875e-74
7.837988826815643506e+02	4.962792389531667946e-74	-1.761386305149791026e-74
7.858007448789572891e+02	3.027821635776750853e-74	-4.406140715719198587e-75
7.878026070763501139e+02	1.775133782484912210e-74	9.229133347549872044e-76
7.898044692737430523e+02	1.000796449005770290e-74	2.539024597091855976e-75
7.918063314711359908e+02	5.412838905919229921e-75	2.582298543147569362e-75
7.938081936685289293e+02	2.790413497172788523e-75	2.085979282726886633e-75
7.958100558659218677e+02	1.353058120746705155e-75	1.505569698022078960e-75
7.978119180633148062e+02	6.001724743130148615e-76	1.011559789916915328e-75
7.998137802607077447e+02	2.272736814057796018e-76	6.444905281322566517e-76
8.018156424581006831e+02	5.640498181733442493e-77	3.929625531892802312e-76
8.038175046554935079e+02	-1.245644051237184536e-77	2.302581431989505729e-76
8.058193668528864464e+02	-3.324718233119761681e-77	1.297610186084199531e-76
8.078212290502793849e+02	-3.368678577361264906e-77	7.015923999199017050e-77
8.098230912476723233e+02	-2.716473984921236241e-77	3.615726458644005219e-77
8.118249534450652618e+02	-1.958296478531775333e-77	1.752381340449113854e-77
8.138268156424582003e+02	-1.314542167049021535e-77	7.764635709908609965e-78
8.158286778398511387e+02	-8.369713426672872347e-78	2.932441793652693561e-78
8.178305400372440772e+02	-5.101016050778135945e-78	7.202449994256927792e-79
8.198324022346369020e+02	-2.988206632482625383e-78	-1.692364251237899062e-79
8.218342644320298405e+02	-1.683692820605884160e-78	-4.359244231413397224e-79
8.238361266294227789e+02	-9.101104986768522711e-79	-4.395462610215215770e-79
8.258379888268157174e+02	-4.687997610683254158e-79	-3.536915025232197972e-79
8.278398510242086559e+02	-2.269917002756032321e-79	-2.546778863656161727e-79
8.298417132216015943e+02	-1.004079766622716949e-79	-1.708494718439779401e-79
8.318435754189945328e+02	-3.779438162947581604e-80	-1.087462302852810659e-79
8.338454376163873576e+02	-9.178889676642023228e-81	-6.626483899762569938e-80
8.358472998137802961e+02	2.293471295907296628e-81	-3.881006752398647285e-80
8.378491620111732345e+02	5.709496262924955126e-81	-2.185897207711093631e-80
8.398510242085661730e+02	5.731762174383199111e-81	-1.180826450230945440e-80
8.418528864059591115e+02	4.605092449944653308e-81	-6.076980393973465052e-81
8.438547486033520499e+02	3.313803337385931790e-81	-2.939013269730317931e-81
8.458566108007449884e+02	2.222327841964687714e-81	-1.298032038369413468e-81
8.478584729981379269e+02	1.414092976933536500e-81	-4.873099552114554263e-82
8.498603351955307517e+02	8.613110871237528068e-82	-1.172783481616938977e-82
8.518621973929236901e+02	5.041496020926656975e-82	3.082302937686314212e-83
8.538640595903166286e+02	2.837442227312499626e-82	7.473540852975690406e-83
8.558659217877095671e+02	1.531615157374331937e-82	7.479206822967341842e-83
8.578677839851025055e+02	7.876559692973625020e-83	6.002332249783374663e-83
8.598696461824954440e+02	3.806707006835183025e-83	4.316197910218645774e-83
8.618715083798883825e+02	1.679747966090571203e-83	2.892543394032716677e-83
8.638733705772813209e+02	6.293458609010428593e-84	1.839140415054913807e-83
8.658752327746741457e+02	1.500985755959946023e-84	1.119319779112337039e-83
8.678770949720670842e+02	-4.150934932388614654e-85	6.547095521426284432e-84
8.698789571694600227e+02	-9.804864537414693822e-85	3.682868351089918380e-84
8.718808193668529611e+02	-9.775230675688034573e-85	1.987268864264775428e-84
8.738826815642458996e+02	-7.830067450453121358e-85	1.021694980944015062e-84
8.758845437616388381e+02	-5.622566070846853779e-85	4.935473643516222942e-85
8.778864059590317765e+02	-3.763754355710306629e-85	2.175289768325718610e-85
8.798882681564247150e+02	-2.391055605948894441e-85	8.124493201689723132e-86
8.818901303538175398e+02	-1.454445140157879763e-85	1.912520077818382876e-86
8.838919925512104783e+02	-8.505017189995577868e-86	-5.642069016275345886e-87
8.858938547486034167e+02	-4.783567873370633898e-86	-1.288577479308377677e-86
8.878957169459963552e+02	-2.580635796640926723e-86	-1.277681983134343781e-86
8.898975791433892937e+02	-1.326030674053788297e-86	-1.020839999427329898e-86
8.918994413407822321e+02	-6.398293905542336308e-87	-7.319973808768494850e-87
8.939013035381751706e+02	-2.814025151654329670e-87	-4.896351765672264290e-87
8.959031657355679954e+02	-1.046554656983160662e-87	-3.109592659993796888e-87
8.979050279329609339e+02	-2.427409617012378659e-88	-1.891280228060919771e-87
8.999068901303538723e+02	7.651507567074336662e-89	-1.105749310779212052e-87
9.019087523277468108e+02	1.690419817338833377e-88	-6.216534467155580891e-88
9.039106145251397493e+02	1.667905973098089450e-88	-3.351040601432766248e-88
9.059124767225326877e+02	1.330341618429511379e-88	-1.719868649568154723e-88
9.079143389199256262e+02	9.533251968299718207e-89	-8.285874522283548572e-89
9.099162011173185647e+02	6.375206855801685370e-89	-3.636994832812575397e-89
9.119180633147113895e+02	4.047737807300923664e-89	-1.348309724322601238e-89
9.139199255121043279e+02	2.460684706673343674e-89	-3.092295619230225784e-90
9.159217877094972664e+02	1.437556767199339773e-89	1.026488610925930238e-90
9.179236499068902049e+02	8.074071324584931567e-90	2.214551260070241589e-90
9.199255121042831433e+02	4.347842543510787758e-90	2.178444444695339925e-90
9.219273743016760818e+02	2.229355263446841831e-90	1.735813211361432756e-90
9.239292364990690203e+02	1.073173857944791973e-90	1.243059024990076644e-90
9.259310986964619588e+02	4.706256062892782124e-91	8.306269702345449858e-91
9.279329608938547835e+02	1.741063613074791149e-91	5.268681441243611172e-91
9.299348230912477220e+02	3.950980203897225754e-92	3.199535917313799811e-91
9.319366852886406605e+02	-1.379832602200028785e-92	1.867414078082655184e-91
9.339385474860335989e+02	-2.909599439905030972e-92	1.048104567456584076e-91
9.359404096834265374e+02	-2.851273547955660353e-92	5.641752986472997267e-92
9.379422718808194759e+02	-2.267118750162937339e-92	2.892172975905976250e-92
9.399441340782124144e+02	-1.620721623130485847e-92	1.391703153898804231e-92
9.419459962756053528e+02	-1.081376831067297836e-92	6.095629129367107058e-93
9.439478584729981776e+02	-6.851408584881982088e-93	2.246603228970814024e-93
9.459497206703911161e+02	-4.157791977480100215e-93	5.011418762929503759e-94
9.479515828677840545e+02	-2.426010123858576798e-93	-1.878103853730217178e-94
9.499534450651769930e+02	-1.361550403714998963e-93	-3.831968000939231355e-94
9.519553072625699315e+02	-7.328074415122876414e-94	-3.731308069163095052e-94
9.539571694599628700e+02	-3.754534650477917152e-94	-2.957438029829664137e-94
9.559590316573558084e+02	-1.804144702798003071e-94	-2.110347272407886464e-94
9.579608938547487469e+02	-7.880276040000660633e-95	-1.406755972786504860e-94
9.599627560521416854e+02	-2.888002568741714268e-95	-8.910198166613979385e-95
9.619646182495346238e+02	-6.310784303569582226e-96	-5.407112850873406251e-95
9.639664804469275623e+02	2.550227004788173583e-96	-3.154756886839455965e-95
9.659683426443202734e+02	5.031347482226271460e-96	-1.769775024673439314e-95
9.679702048417132119e+02	4.871194640177353833e-96	-9.515759077147121480e-96
9.699720670391061503e+02	3.853371200541176552e-96	-4.867684605832801546e-96
9.719739292364990888e+02	2.748079789311353422e-96	-2.334136969395276631e-96
9.739757914338920273e+02	1.831723180302243380e-96	-1.016846174719281588e-96
9.759776536312849657e+02	1.160045393049711702e-96	-3.711757355968729168e-97
9.779795158286779042e+02	7.036205291909122231e-97	-7.996627262588679361e-98
9.799813780260708427e+02	4.101261278412747804e-97	3.409199799120650581e-98
9.819832402234637811e+02	2.297669663595471694e-97	6.586710945967702894e-98
9.839851024208567196e+02	1.233620829023354664e-97	6.360114571714810575e-98
9.859869646182496581e+02	6.302387862290493463e-98	5.027869622810068560e-98
9.879888268156425966e+02	3.019252716143648240e-98	3.584006451087337420e-98
9.899906890130355350e+02	1.314270798465978544e-98	2.386967023960027620e-98
9.919925512104284735e+02	4.788900997628039409e-99	1.509827768123771368e-98
9.939944134078214120e+02	1.020118217543581866e-99	9.144492341949548783e-99
9.959962756052143504e+02	-4.559904995012794355e-100	5.322914252296809140e-99
9.979981378026070615e+02	-8.654084770852973536e-100	2.979222959707746107e-99
1.000000000000000000e+03	-8.328111847202268101e-100	1.598870364917896600e-99
