-7.500000000000000000e+01	0.000000000000000000e+00	0.000000000000000000e+00
-7.299813780260707574e+01	9.470370173638798828e+11	5.702105190598812500e+12
-7.099627560521415148e+01	4.189875318990359375e+12	1.375230311718117383e+13
-6.899441340782122722e+01	1.024077757799676367e+13	2.471294145236660938e+13
-6.699255121042830297e+01	1.966293267676054688e+13	3.988794231822039062e+13
-6.499068901303537871e+01	3.340666879681441406e+13	6.161694315890600000e+13
-6.298882681564245445e+01	5.319515859761268750e+13	9.347726023124293750e+13
-6.098696461824953019e+01	8.187660087934118750e+13	1.404379481425046719e+14
-5.898510242085660593e+01	1.237079726508614219e+14	2.090546240527614062e+14
-5.698324022346368167e+01	1.845982208990774688e+14	3.077917200180788750e+14
-5.498137802607075741e+01	2.723825789283683438e+14	4.475125057948458750e+14
-5.297951582867783316e+01	3.972022439654180000e+14	6.421096397800377500e+14
-5.097765363128491600e+01	5.720243475612988750e+14	9.091907657269758750e+14
-4.897579143389199174e+01	8.132755202424617500e+14	1.270706760612311000e+15
-4.697392923649906749e+01	1.141506233107060250e+15	1.753417847415694500e+15
-4.497206703910614323e+01	1.581973663533368250e+15	2.389120122541560500e+15
-4.297020484171321897e+01	2.165032720812355750e+15	3.214579794348915500e+15
-4.096834264432029471e+01	2.926246276979400500e+15	4.271128421667732000e+15
-3.896648044692737045e+01	3.906147426446868500e+15	5.603858842924853000e+15
-3.696461824953444619e+01	5.149594557084454000e+15	7.260342785045660000e+15
-3.496275605214152193e+01	6.704653365819769000e+15	9.288788633110282000e+15
-3.296089385474859768e+01	8.620931467527630000e+15	1.173558784632711600e+16
-3.095903165735567342e+01	1.094729967094262200e+16	1.464226387221488000e+16
-2.895716945996274916e+01	1.372897342632230000e+16	1.804192649514859600e+16
-2.695530726256983201e+01	1.700400017365220800e+16	2.195542738932746800e+16
-2.495344506517690775e+01	2.079929191266360000e+16	2.638749014319803600e+16
-2.295158286778398349e+01	2.512643822331724800e+16	3.132313889878274400e+16
-2.094972067039105923e+01	2.997761477368533200e+16	3.672477178264409600e+16
-1.894785847299813497e+01	3.532195442231901600e+16	4.253022122429795200e+16
-1.694599627560521071e+01	4.110276851986637600e+16	4.865211470932013600e+16
-1.494413407821228645e+01	4.723599526004567200e+16	5.497879340172979200e+16
-1.294227188081936220e+01	5.361020934163996000e+16	6.137695581266544000e+16
-1.094040968342643794e+01	6.008844877205812000e+16	6.769606478838389600e+16
-8.938547486033513678e+00	6.651199508405495200e+16	7.377439270691515200e+16
-6.936685288640589420e+00	7.270608188161148800e+16	7.944639838320288000e+16
-4.934823091247665161e+00	7.848731358711756800e+16	8.455095682652734400e+16
-2.932960893854740902e+00	8.367237483610793600e+16	8.893983053313041600e+16
-9.310986964618166439e-01	8.808743409755852800e+16	9.248570425059390400e+16
1.070763500931107615e+00	9.157752665131619200e+16	9.508911769074246400e+16
3.072625698324031873e+00	9.401516652812883200e+16	9.668372101593836800e+16
5.074487895716956132e+00	9.530749212654232000e+16	9.723943161313004800e+16
7.076350093109880390e+00	9.540138540127884800e+16	9.676326543176630400e+16
9.078212290502804649e+00	9.428619552463782400e+16	9.529782749809177600e+16
1.108007448789572891e+01	9.199391491142635200e+16	9.291765123274820800e+16
1.308193668528865317e+01	8.859687079923148800e+16	8.972375515289636800e+16
1.508379888268157742e+01	8.420318824258526400e+16	8.583692211747286400e+16
1.708566108007450168e+01	7.895043679777137600e+16	8.139028801489256000e+16
1.908752327746742594e+01	7.299798515579185600e+16	7.652184648983814400e+16
2.108938547486033599e+01	6.651865063168647200e+16	7.136743392494197600e+16
2.309124767225326025e+01	5.969024144355751200e+16	6.605466271796956000e+16
2.509310986964618451e+01	5.268755029862939200e+16	6.069813670460572000e+16
2.709497206703910877e+01	4.567527393988854400e+16	5.539613061222416000e+16
2.909683426443203302e+01	3.880221612521915200e+16	5.022876609314769600e+16
3.109869646182495728e+01	3.219699585993248400e+16	4.525758677951071200e+16
3.310055865921788154e+01	2.596534438293959200e+16	4.052633449236389600e+16
3.510242085661080580e+01	2.018894724949507600e+16	3.606266268702081600e+16
3.710428305400373006e+01	1.492568185615676600e+16	3.188049126382384400e+16
3.910614525139665432e+01	1.021102174504843800e+16	2.798270607311395200e+16
4.110800744878957858e+01	6.060329461905422000e+15	2.436393225457090400e+16
4.310986964618250283e+01	2.471739725137433500e+15	2.101315711090254800e+16
4.511173184357542709e+01	-5.706575847723843750e+14	1.791603819271376000e+16
4.711359404096835135e+01	-3.093593393889728000e+15	1.505679709892928600e+16
4.911545623836127561e+01	-5.131563582882394000e+15	1.241966045756286200e+16
5.111731843575419987e+01	-6.724091235239833000e+15	9.989859495839250000e+15
5.311918063314712413e+01	-7.913396692557786000e+15	7.754234536087440000e+15
5.512104283054003417e+01	-8.742511685290378000e+15	5.701510414905925000e+15
5.712290502793297264e+01	-9.253832012610142000e+15	3.822315993056794000e+15
5.912476722532588269e+01	-9.488074461054252000e+15	2.109019712867014000e+15
6.112662942271882116e+01	-9.483586357510844000e+15	5.554472282062013125e+14
6.312849162011173121e+01	-9.275947457899486000e+15	-8.434613437082503750e+14
6.513035381750466968e+01	-8.897801110489896000e+15	-2.092007250759466500e+15
6.713221601489757973e+01	-8.378853237021481000e+15	-3.194066508837400500e+15
6.913407821229051820e+01	-7.745983066477464000e+15	-4.153378051139089500e+15
7.113594040968342824e+01	-7.023418348431712000e+15	-4.973775911410312000e+15
7.313780260707636671e+01	-6.232938975426822000e+15	-5.659364459496691000e+15
7.513966480446927676e+01	-5.394084752383722000e+15	-6.214641730188619000e+15
7.714152700186221523e+01	-4.524353357196711000e+15	-6.644578089712286000e+15
7.914338919925512528e+01	-3.639381806531268500e+15	-6.954657033023055000e+15
8.114525139664806375e+01	-2.753108674198199500e+15	-7.150883598737008000e+15
8.314711359404097379e+01	-1.877915849767220000e+15	-7.239765208639228000e+15
8.514897579143391226e+01	-1.024749312800367625e+15	-7.228270157094916000e+15
8.715083798882682231e+01	-2.032194683321340938e+14	-7.123769911022843000e+15
8.915270018621976078e+01	5.783166468596030000e+14	-6.933971776698799000e+15
9.115456238361267083e+01	1.312687129136569750e+15	-6.666847611700934000e+15
9.315642458100560930e+01	1.993845815722489000e+15	-6.330562209936739000e+15
9.515828677839851935e+01	2.616817099095873000e+15	-5.933402633072601000e+15
9.716014897579145781e+01	3.177642042396724500e+15	-5.483708174961291000e+15
9.916201117318436786e+01	3.673324948221325000e+15	-4.989800431437850000e+15
1.011638733705773063e+02	4.101780881929348000e+15	-4.459913892508285000e+15
1.031657355679702164e+02	4.461784749158919500e+15	-3.902128718589887000e+15
1.051675977653631548e+02	4.752921619865206000e+15	-3.324307963848051000e+15
1.071694599627560649e+02	4.975536900580118000e+15	-2.734041019841203000e+15
1.091713221601490034e+02	5.130684536361392000e+15	-2.138593757427836000e+15
1.111731843575419134e+02	5.220072028030961000e+15	-1.544864534048220750e+15
1.131750465549348519e+02	5.246002346339407000e+15	-9.593446735919866250e+14
1.151769087523277619e+02	5.211314045266663000e+15	-3.880824803848550625e+14
1.171787709497206720e+02	5.119321326505645000e+15	1.633490599950037188e+14
1.191806331471136104e+02	4.973755295138543000e+15	6.898797602458825000e+14
1.211824953445065205e+02	4.778706578363324000e+15	1.186963522211331750e+15
1.231843575418994590e+02	4.538568573022935000e+15	1.650592709237931750e+15
1.251862197392923690e+02	4.257980411264423500e+15	2.077305962099673000e+15
1.271880819366853075e+02	3.941769360924831500e+15	2.464190683732841500e+15
1.291899441340782175e+02	3.594893372014893000e+15	2.808881551037396000e+15
1.311918063314711560e+02	3.222385198214376000e+15	3.109555795489895000e+15
1.331936685288640660e+02	2.829299523489265500e+15	3.364925075534824000e+15
1.351955307262570045e+02	2.420663837851625000e+15	3.574223151472249000e+15
1.371973929236499146e+02	2.001432886241205750e+15	3.737188649659987000e+15
1.391992551210428530e+02	1.576445932308636250e+15	3.854042896810342500e+15
1.412011173184357631e+02	1.150386162187603000e+15	3.925463663238734500e+15
1.432029795158287016e+02	7.277421953201420000e+14	3.952556143161984500e+15
1.452048417132216116e+02	3.127724196358063125e+14	3.936822344990619000e+15
1.472067039106145501e+02	-9.052676706373373438e+13	3.880129404487240500e+15
1.492085661080074601e+02	-4.784479755861171250e+14	3.784676613444084000e+15
1.512104283054003986e+02	-8.475949626888977500e+14	3.652960632170115000e+15
1.532122905027933086e+02	-1.194900448139117750e+15	3.487738607766483500e+15
1.552141527001862471e+02	-1.517640464932511000e+15	3.291989561507957500e+15
1.572160148975791572e+02	-1.813445838814192250e+15	3.068875013625443500e+15
1.592178770949720956e+02	-2.080310795750191500e+15	2.821700002039377000e+15
1.612197392923650057e+02	-2.316598168471749000e+15	2.553875321587761500e+15
1.632216014897579441e+02	-2.521040559396021000e+15	2.268881187932597000e+15
1.652234636871508542e+02	-2.692737183221551500e+15	1.970232010644364750e+15
1.672253258845437927e+02	-2.831146720071008000e+15	1.661441851613655000e+15
1.692271880819367027e+02	-2.936076981358025000e+15	1.345990482144523500e+15
1.712290502793296412e+02	-3.007672251372918000e+15	1.027290487818665500e+15
1.732309124767225512e+02	-3.046398813117642500e+15	7.086562453926673750e+14
1.752327746741154897e+02	-3.053028650680819500e+15	3.932755697796751250e+14
1.772346368715083997e+02	-3.028620982367215000e+15	8.418442349201801562e+13
1.792364990689013382e+02	-2.974501328324315500e+15	-2.157554467161731562e+14
1.812383612662942483e+02	-2.892238208315105500e+15	-5.038764107227261875e+14
1.832402234636871867e+02	-2.783618041049327500e+15	-7.777228098084628750e+14
1.852420856610800683e+02	-2.650619076843590000e+15	-1.035066821426395000e+15
1.872439478584730068e+02	-2.495385089532521500e+15	-1.273921975300512000e+15
1.892458100558659453e+02	-2.320199165925272500e+15	-1.492553771119053000e+15
1.912476722532588838e+02	-2.127457516665203250e+15	-1.689487004518334750e+15
1.932495344506517654e+02	-1.919643048602324000e+15	-1.863509811645930250e+15
1.952513966480447039e+02	-1.699298584642923000e+15	-2.013674842828433500e+15
1.972532588454376423e+02	-1.468999979014278000e+15	-2.139298136193009500e+15
1.992551210428305808e+02	-1.231329709813623250e+15	-2.239956107101306250e+15
2.012569832402234624e+02	-9.888516211448931250e+14	-2.315480723739810000e+15
2.032588454376164009e+02	-7.440872808161720000e+14	-2.365952640033617000e+15
2.052607076350093394e+02	-4.994940507863750625e+14	-2.391691999295823500e+15
2.072625698324022778e+02	-2.574446649724297500e+14	-2.393246838927668500e+15
2.092644320297951595e+02	-2.020804801424563672e+13	-2.371379376571043000e+15
2.112662942271880979e+02	2.100686958347798438e+14	-2.327050722319249000e+15
2.132681564245810364e+02	4.313768891075171250e+14	-2.261404584176689500e+15
2.152700186219739749e+02	6.418610415783407500e+14	-2.175750316912325500e+15
2.172718808193668565e+02	8.398313523932852500e+14	-2.071545358559015500e+15
2.192737430167597950e+02	1.023773788482787750e+15	-1.950376902015045500e+15
2.212756052141527334e+02	1.192357885742352500e+15	-1.813942680387684250e+15
2.232774674115456719e+02	1.344442609554435750e+15	-1.664030973099092250e+15
2.252793296089385535e+02	1.479080577844471250e+15	-1.502500211436483500e+15
2.272811918063314920e+02	1.595520735854900750e+15	-1.331258702494574250e+15
2.292830540037244305e+02	1.693209330694206000e+15	-1.152244914368630500e+15
2.312849162011173689e+02	1.771788928117963750e+15	-9.674085267683798750e+14
2.332867783985102506e+02	1.831095313291880000e+15	-7.786922021927868750e+14
2.352886405959031890e+02	1.871152358463665250e+15	-5.880139241764681250e+14
2.372905027932961275e+02	1.892165173845900750e+15	-3.972498358092504375e+14
2.392923649906890660e+02	1.894511945078964250e+15	-2.082177230237372500e+14
2.412942271880819476e+02	1.878734760315196500e+15	-2.266147701543133594e+13
2.432960893854748861e+02	1.845529519721489500e+15	1.577630875794834062e+14
2.452979515828678245e+02	1.795734841934306750e+15	3.315008155593447500e+14
2.472998137802607062e+02	1.730319850055935250e+15	4.971081779100891875e+14
2.493016759776536446e+02	1.650370850527470250e+15	6.532627867363058750e+14
2.513035381750465831e+02	1.557077124354045250e+15	7.987716568869578750e+14
2.533054003724395216e+02	1.451716200276295000e+15	9.325782941570066250e+14
2.553072625698324032e+02	1.335638982512094750e+15	1.053768508925535375e+15
2.573091247672253417e+02	1.210254966186624750e+15	1.161574735970776000e+15
2.593109869646182801e+02	1.077017584473821500e+15	1.255378665835386750e+15
2.613128491620112186e+02	9.374096118113907500e+14	1.334712146855640500e+15
2.633147113594041002e+02	7.929285666162486250e+14	1.399256505446315250e+15
2.653165735567970387e+02	6.450721931296382500e+14	1.448840543182246000e+15
2.673184357541899772e+02	4.953242606306149375e+14	1.483437443662178000e+15
2.693202979515829156e+02	3.451409942099056875e+14	1.503160688926862750e+15
2.713221601489757973e+02	1.959383956441886875e+14	1.508258938875593000e+15
2.733240223463687357e+02	4.908056105307894531e+13	1.499109765597302000e+15
2.753258845437616742e+02	-9.413105224848373438e+13	1.476212197465011250e+15
2.773277467411546127e+02	-2.324675232072241250e+14	1.440178174355671000e+15
2.793296089385474943e+02	-3.647815888915500000e+14	1.391723153285624250e+15
2.813314711359404328e+02	-4.900159236179053750e+14	1.331656149775876000e+15
2.833333333333333712e+02	-6.072103971024308750e+14	1.260869431803948750e+15
2.853351955307263097e+02	-7.155081142977371250e+14	1.180327949889690250e+15
2.873370577281191913e+02	-8.141601272243153750e+14	1.091058476178680375e+15
2.893389199255121298e+02	-9.025288505118375000e+14	9.941384060725877500e+14
2.913407821229050683e+02	-9.800903230072485000e+14	8.906842557128408750e+14
2.933426443202980067e+02	-1.046435476040548375e+15	7.818400119972461250e+14
2.953445065176908884e+02	-1.101270493640428000e+15	6.687655778192961250e+14
2.973463687150838268e+02	-1.144416238551026000e+15	5.526255493648912500e+14
2.993482309124767653e+02	-1.175806647571903500e+15	4.345784696557861250e+14
3.013500931098697038e+02	-1.195486018220552750e+15	3.157665819872236250e+14
3.033519553072625854e+02	-1.203605205437790500e+15	1.973060318878913125e+14
3.053538175046555239e+02	-1.200416862345414000e+15	8.027747797721784375e+13
3.073556797020484623e+02	-1.186269923724086000e+15	-3.428284477934290625e+13
3.093575418994413440e+02	-1.161603510043581000e+15	-1.453914712602304375e+14
3.113594040968342824e+02	-1.126940343412819500e+15	-2.521252822176535938e+14
3.133612662942272209e+02	-1.082879674462116500e+15	-3.536281710029541875e+14
3.153631284916201594e+02	-1.030089681280585375e+15	-4.491167603501706250e+14
3.173649906890130410e+02	-9.692993411339755000e+14	-5.378852259122488125e+14
3.193668528864059795e+02	-9.012898656176251250e+14	-6.193093234976743750e+14
3.213687150837989179e+02	-8.268858720261212500e+14	-6.928496824798082500e+14
3.233705772811918564e+02	-7.469464868117981250e+14	-7.580543486582547500e+14
3.253724394785847380e+02	-6.623565286348363750e+14	-8.145604926762976250e+14
3.273743016759776765e+02	-5.740178312376153750e+14	-8.620951915682287500e+14
3.293761638733706150e+02	-4.828406953960867500e+14	-9.004752487319217500e+14
3.313780260707635534e+02	-3.897354467133271875e+14	-9.296061070204451250e+14
3.333798882681564351e+02	-2.956041252932759375e+14	-9.494799774473205000e+14
3.353817504655493735e+02	-2.013324083207455312e+14	-9.601733144735535000e+14
3.373836126629423120e+02	-1.077819162666098281e+14	-9.618437188389242500e+14
3.393854748603352505e+02	-1.578304458624148633e+13	-9.547262776613207500e+14
3.413873370577281321e+02	7.387159990969251562e+13	-9.391293077390643750e+14
3.433891992551210706e+02	1.604331572133869375e+14	-9.154294806724655000e+14
3.453910614525140090e+02	2.432019138339536250e+14	-8.840663694962848750e+14
3.473929236499069475e+02	3.215321833950290000e+14	-8.455365274293246250e+14
3.493947858472998291e+02	3.948366552992592500e+14	-8.003872465733218750e+14
3.513966480446927676e+02	4.625901406808869375e+14	-7.492101270034517500e+14
3.533985102420857061e+02	5.243326217928641250e+14	-6.926345285843050000e+14
3.554003724394786445e+02	5.796715398531596250e+14	-6.313209175636385000e+14
3.574022346368715262e+02	6.282833208422190000e+14	-5.659540954872840000e+14
3.594040968342644646e+02	6.699142006437772500e+14	-4.972363227615860625e+14
3.614059590316574031e+02	7.043804351669857500e+14	-4.258804048769316875e+14
3.634078212290503416e+02	7.315679575723730000e+14	-3.526028584951441875e+14
3.654096834264432232e+02	7.514314936248801250e+14	-2.781172852028836562e+14
3.674115456238361617e+02	7.639931040201880000e+14	-2.031280459497887188e+14
3.694134078212291001e+02	7.693401184575016250e+14	-1.283242707930952656e+14
3.714152700186220386e+02	7.676224640437210000e+14	-5.437419205800578125e+13
3.734171322160149202e+02	7.590494473287498750e+14	1.808021923976911719e+13
3.754189944134078587e+02	7.438860906758083750e+14	8.842830283096285938e+13
3.774208566108007972e+02	7.224491262862072500e+14	1.560953871599422812e+14
3.794227188081936788e+02	6.951027166099062500e+14	2.205470094213511562e+14
3.814245810055866173e+02	6.622539227133410000e+14	2.812926000084160312e+14
3.834264432029795557e+02	6.243479136924882500e+14	3.378885964346745625e+14
3.854283054003724942e+02	5.818629183483021250e+14	3.899410032661421250e+14
3.874301675977653758e+02	5.353049589598956875e+14	4.371074451814796250e+14
3.894320297951583143e+02	4.852024507375332500e+14	4.790987546336693750e+14
3.914338919925512528e+02	4.321007715523576250e+14	5.156801017543479375e+14
3.934357541899441912e+02	3.765568921040519375e+14	5.466716375076664375e+14
3.954376163873370729e+02	3.191341166366090000e+14	5.719486077072702500e+14
3.974394785847300113e+02	2.603969439603437188e+14	5.914409156194188750e+14
3.994413407821229498e+02	2.009060421474754688e+14	6.051321531153171250e+14
4.014432029795158883e+02	1.412133458372130312e+14	6.130581596983206250e+14
4.034450651769087699e+02	8.185731997809400000e+13	6.153051828358200000e+14
4.054469273743017084e+02	2.335846356883643359e+13	6.120076960861927500e+14
4.074487895716946468e+02	-3.378486889346274609e+13	6.033458973119947500e+14
4.094506517690875853e+02	-8.910027564084781250e+13	5.895428817058355000e+14
4.114525139664804669e+02	-1.421447324689365312e+14	5.708614819818800000e+14
4.134543761638734054e+02	-1.925076519023409375e+14	5.476007926444341250e+14
4.154562383612663439e+02	-2.398135997328132188e+14	5.200924312195847500e+14
4.174581005586592823e+02	-2.837246718360874375e+14	4.886966143954287500e+14
4.194599627560521640e+02	-3.239425046568474375e+14	4.537981263410400000e+14
4.214618249534451024e+02	-3.602098752105296875e+14	4.158022317948785625e+14
4.234636871508380409e+02	-3.923118538517821250e+14	3.751305543816880000e+14
4.254655493482309794e+02	-4.200765021198260625e+14	3.322169214137536250e+14
4.274674115456238610e+02	-4.433751418369918750e+14	2.875031813934410625e+14
4.294692737430167995e+02	-4.621222410038667500e+14	2.414350249383761562e+14
4.314711359404097379e+02	-4.762749573810645000e+14	1.944578669553753750e+14
4.334729981378026764e+02	-4.858323578375617500e+14	1.470128594864379375e+14
4.354748603351955580e+02	-4.908343075278655625e+14	9.953309292963882812e+13
4.374767225325884965e+02	-4.913600146557481875e+14	5.244001532383317969e+13
4.394785847299814350e+02	-4.875262302161688750e+14	6.140071959725064453e+12
4.414804469273743734e+02	-4.794851296888659375e+14	-3.897844351536838281e+13
4.434823091247673119e+02	-4.674219285496557500e+14	-8.254832534465048438e+13
4.454841713221601367e+02	-4.515522911878910625e+14	-1.242261558341086094e+14
4.474860335195530752e+02	-4.321195800808791250e+14	-1.636947277346658750e+14
4.494878957169460136e+02	-4.093919684223935625e+14	-2.006651460056935000e+14
4.514897579143389521e+02	-3.836594207095065000e+14	-2.348785840968790312e+14
4.534916201117318906e+02	-3.552305440279782500e+14	-2.661076967571467812e+14
4.554934823091248290e+02	-3.244293286113395000e+14	-2.941577117582905625e+14
4.574953445065177675e+02	-2.915918190635646250e+14	-3.188672260634803750e+14
4.594972067039107060e+02	-2.570627726430409688e+14	-3.401087183658351250e+14
4.614990689013035308e+02	-2.211923587313799062e+14	-3.577887705444195000e+14
4.635009310986964692e+02	-1.843329356683861250e+14	-3.718479795712708125e+14
4.655027932960894077e+02	-1.468359188022191250e+14	-3.822605470134308750e+14
4.675046554934823462e+02	-1.090487403642923750e+14	-3.890335528955868125e+14
4.695065176908752846e+02	-7.131190475265559375e+13	-3.922059428785720625e+14
4.715083798882682231e+02	-3.395615851613083203e+13	-3.918472697243088750e+14
4.735102420856611616e+02	2.700188704001550293e+12	-3.880562258863928125e+14
4.755121042830541001e+02	3.835374973120771875e+13	-3.809589880889353125e+14
4.775139664804469248e+02	7.271831859571987500e+13	-3.707073784107105625e+14
4.795158286778398633e+02	1.055268888373960000e+14	-3.574768408245160000e+14
4.815176908752328018e+02	1.365334364858835000e+14	-3.414642411552627500e+14
4.835195530726257402e+02	1.655144802734075938e+14	-3.228855163454865000e+14
4.855214152700186787e+02	1.922704249501992500e+14	-3.019732145357758750e+14
4.875232774674116172e+02	2.166266789581086875e+14	-2.789739712886847188e+14
4.895251396648045557e+02	2.384345261360229062e+14	-2.541459574638704062e+14
4.915270018621974941e+02	2.575717312129879062e+14	-2.277563174760756562e+14
4.935288640595903189e+02	2.739428715254936250e+14	-2.000786036295338750e+14
4.955307262569832574e+02	2.874794055928273750e+14	-1.713902107401813438e+14
4.975325884543761958e+02	2.981395025483026250e+14	-1.419698254563046562e+14
4.995344506517691343e+02	3.059076579690959375e+14	-1.120949192112853906e+14
5.015363128491620728e+02	3.107941120241155625e+14	-8.203932266744950000e+13
5.035381750465550112e+02	3.128340726579036250e+14	-5.207091670832332031e+13
5.055400372439479497e+02	3.120867392332150625e+14	-2.244946190618126953e+13
5.075418994413407745e+02	3.086341259894923750e+14	6.575427287222285156e+12
5.095437616387337130e+02	3.025796977913476250e+14	3.476616657092828906e+13
5.115456238361266514e+02	2.940468450747774375e+14	6.189894513638414062e+13
5.135474860335195899e+02	2.831772321316527500e+14	8.776531913054659375e+13
5.155493482309125284e+02	2.701290491270730625e+14	1.121736352205219844e+14
5.175512104283054668e+02	2.550751866907583125e+14	1.349502608270179062e+14
5.195530726256984053e+02	2.382013404332221562e+14	1.559406046185024062e+14
5.215549348230913438e+02	2.197040487484131250e+14	1.750099246562881562e+14
5.235567970204841686e+02	1.997886731097616250e+14	1.920439343449832812e+14
5.255586592178771070e+02	1.786673416876906562e+14	2.069492211832052500e+14
5.275605214152700455e+02	1.565568868550204062e+14	2.196534885569271562e+14
5.295623836126629840e+02	1.336768087056861406e+14	2.301056208809517500e+14
5.315642458100559224e+02	1.102472890845758281e+14	2.382755647536167500e+14
5.335661080074488609e+02	8.648726854623564062e+13	2.441540191642869375e+14
5.355679702048417994e+02	6.261258941997402344e+13	2.477519365870379375e+14
5.375698324022347379e+02	3.883420692526179688e+13	2.490998490251545625e+14
5.395716945996275626e+02	1.535647691938717969e+13	2.482470416981540312e+14
5.415735567970205011e+02	-7.624461787446489258e+12	2.452605974941924688e+14
5.435754189944134396e+02	-2.992218728648512109e+13	2.402243282092548750e+14
5.455772811918063780e+02	-5.136135603773227344e+13	2.332375992718035938e+14
5.475791433891993165e+02	-7.177891497131923438e+13	2.244140495504208438e+14
5.495810055865922550e+02	-9.102516426465701562e+13	2.138802104310824375e+14
5.515828677839851935e+02	-1.089646771728406719e+14	2.017740370398782812e+14
5.535847299813781319e+02	-1.254770819952989844e+14	1.882433738073290000e+14
5.555865921787709567e+02	-1.404577043124768281e+14	1.734443807604854688e+14
5.575884543761638952e+02	-1.538180604927802188e+14	1.575399435807920625e+14
5.595903165735568336e+02	-1.654861915367209062e+14	1.406980819289047500e+14
5.615921787709497721e+02	-1.754068314897488125e+14	1.230903622739921250e+14
5.635940409683427106e+02	-1.835414142450903125e+14	1.048903184977452969e+14
5.655959031657356491e+02	-1.898679311689138438e+14	8.627188730662551562e+13
5.675977653631285875e+02	-1.943806549745571562e+14	6.740787304912921094e+13
5.695996275605214123e+02	-1.970897416733135312e+14	4.846846260722022656e+13
5.716014897579143508e+02	-1.980207154048805312e+14	2.961981138665289844e+13
5.736033519553072892e+02	-1.972138356684776875e+14	1.102271554401802930e+13
5.756052141527002277e+02	-1.947233467689215312e+14	-7.168623156513907227e+12
5.776070763500931662e+02	-1.906166152833085000e+14	-2.480774003560910547e+13
5.796089385474861047e+02	-1.849731695030598125e+14	-4.175695886583588281e+13
5.816108007448790431e+02	-1.778836602672085625e+14	-5.788834860446355469e+13
5.836126629422719816e+02	-1.694487623260516562e+14	-7.308457602136534375e+13
5.856145251396648064e+02	-1.597780299681339375e+14	-8.723964149680912500e+13
5.876163873370577448e+02	-1.489887138658765312e+14	-1.002594875670946094e+14
5.896182495344506833e+02	-1.372045423749239062e+14	-1.120624767121740938e+14
5.916201117318436218e+02	-1.245544721423775000e+14	-1.225797425809446875e+14
5.936219739292365603e+02	-1.111714186101923594e+14	-1.317554231337313750e+14
5.956238361266294987e+02	-9.719098299739821875e+13	-1.395467831291593281e+14
5.976256983240224372e+02	-8.275019466621623438e+13	-1.459242284881326250e+14
5.996275605214153757e+02	-6.798628487715999219e+13	-1.508712101743195000e+14
6.016294227188082004e+02	-5.303550156632132031e+13	-1.543840140210996250e+14
6.036312849162011389e+02	-3.803196876705779688e+13	-1.564714366081376250e+14
6.056331471135940774e+02	-2.310659207910473438e+13	-1.571543538843885000e+14
6.076350093109870159e+02	-8.386014041760528320e+12	-1.564651949666200625e+14
6.096368715083799543e+02	6.008371740432751953e+12	-1.544473352572672812e+14
6.116387337057728928e+02	1.996133503859587109e+13	-1.511544201610738125e+14
6.136405959031658313e+02	3.336463952152278516e+13	-1.466496255353143438e+14
6.156424581005587697e+02	4.611778134850266406e+13	-1.410048571944427812e+14
6.176443202979515945e+02	5.812863413564258594e+13	-1.342998919056175469e+14
6.196461824953445330e+02	6.931400323966358594e+13	-1.266214663357988906e+14
6.216480446927374715e+02	7.960009294176303125e+13	-1.180623258034919375e+14
6.236499068901304099e+02	8.892288702540317188e+13	-1.087202480763924375e+14
6.256517690875233484e+02	9.722843904232832812e+13	-9.869705679366415625e+13
6.276536312849162869e+02	1.044730664747172031e+14	-8.809763490699942188e+13
6.296554934823092253e+02	1.106234447993052656e+14	-7.702894351486512500e+13
6.316573556797020501e+02	1.156566023854230469e+14	-6.559904868880747656e+13
6.336592178770949886e+02	1.195598224863155625e+14	-5.391615987640396875e+13
6.356610800744879270e+02	1.223304613971313906e+14	-4.208768726316655469e+13
6.376629422718808655e+02	1.239756908944159062e+14	-3.021932935299248047e+13
6.396648044692738040e+02	1.245121694750055938e+14	-1.841420325520784766e+13
6.416666666666667425e+02	1.239656434075196406e+14	-6.772027747364201172e+12
6.436685288640596809e+02	1.223704777453765938e+14	4.611635573883154297e+12
6.456703910614526194e+02	1.197691199871534688e+14	1.564608211750761523e+13
6.476722532588454442e+02	1.162115035574994062e+14	2.624610578807158984e+13
6.496741154562383826e+02	1.117544020444939219e+14	3.633258116760521875e+13
6.516759776536313211e+02	1.064607459959313281e+14	4.583298203303932031e+13
6.536778398510242596e+02	1.003989117345780781e+14	5.468182936306732812e+13
6.556797020484171981e+02	9.364198778414084375e+13	6.282106236158567188e+13
6.576815642458101365e+02	8.626702165550107812e+13	7.020032936034286719e+13
6.596834264432030750e+02	7.835424970850028125e+13	7.677719998334987500e+13
6.616852886405960135e+02	6.998631549005550000e+13	8.251730318503387500e+13
6.636871508379888382e+02	6.124748551356453125e+13	8.739439612303556250e+13
6.656890130353817767e+02	5.222287351404707031e+13	9.139036656260131250e+13
6.676908752327747152e+02	4.299768340065254688e+13	9.449516852644926562e+13
6.696927374301676537e+02	3.365647787823059375e+13	9.670668947072118750e+13
6.716945996275605921e+02	2.428247596341323828e+13	9.803054858039742188e+13
6.736964618249535306e+02	1.495688054323347070e+13	9.847982923615926562e+13
6.756983240223464691e+02	5.758237733115105469e+12	9.807475234657829688e+13
6.777001862197394075e+02	-3.238167647774134766e+12	9.684229902109589062e+13
6.797020484171322323e+02	-1.196087361552711719e+13	9.481579014794203125e+13
6.817039106145251708e+02	-2.034275207753361328e+13	9.203442770188985938e+13
6.837057728119181093e+02	-2.832146384968864453e+13	8.854280000113246875e+13
6.857076350093110477e+02	-3.583985560555510938e+13	8.439035244435223438e+13
6.877094972067039862e+02	-4.284629989091935156e+13	7.963082697249496875e+13
6.897113594040969247e+02	-4.929498048171354688e+13	7.432167653441529688e+13
6.917132216014898631e+02	-5.514612416335697656e+13	6.852346327824173438e+13
6.937150837988826879e+02	-6.036617762846140625e+13	6.229924953048094531e+13
6.957169459962756264e+02	-6.492792649606457812e+13	5.571398869725308594e+13
6.977188081936685649e+02	-6.881055381753859375e+13	4.883392027014754688e+13
6.997206703910615033e+02	-7.199963786879615625e+13	4.172597096687270312e+13
7.017225325884544418e+02	-7.448709222939996875e+13	3.445716391942322266e+13
7.037243947858473803e+02	-7.627105335216673438e+13	2.709403962573112109e+13
7.057262569832403187e+02	-7.735572093590242188e+13	1.970209475698540234e+13
7.077281191806332572e+02	-7.775115467183332812e+13	1.234524617235891797e+13
7.097299813780260820e+02	-7.747302872625407812e+13	5.085326684680974609e+12
7.117318435754190205e+02	-7.654234426349567188e+13	-2.018383387466118408e+12
7.137337057728119589e+02	-7.498510122129500000e+13	-8.909587637521816406e+12
7.157355679702048974e+02	-7.283193295036532812e+13	-1.553536825088348047e+13
7.177374301675978359e+02	-7.011770979422515625e+13	-2.184654383092028906e+13
7.197392923649907743e+02	-6.688111876502920312e+13	-2.779798847148857031e+13
7.217411545623837128e+02	-6.316422561159248438e+13	-3.334890844413004297e+13
7.237430167597766513e+02	-5.901202344004353125e+13	-3.846307254071850000e+13
7.257448789571694761e+02	-5.447197006042975000e+13	-4.310899361482516406e+13
7.277467411545624145e+02	-4.959351565742719531e+13	-4.726006145135492188e+13
7.297486033519553530e+02	-4.442762352885027344e+13	-5.089462935162375781e+13
7.317504655493482915e+02	-3.902628869059490625e+13	-5.399605758216309375e+13
7.337523277467412299e+02	-3.344206072728969141e+13	-5.655271590568290625e+13
7.357541899441341684e+02	-2.772757731114844141e+13	-5.855794566255360156e+13
7.377560521415271069e+02	-2.193511323852773828e+13	-6.000998065252762500e+13
7.397579143389200453e+02	-1.611614757162493164e+13	-6.091182634140088281e+13
7.417597765363128701e+02	-1.032094983995637305e+13	-6.127109866057297656e+13
7.437616387337058086e+02	-4.598186118765527344e+12	-6.109982591049202344e+13
7.457635009310987471e+02	1.005452959235344849e+12	-6.041421874944042969e+13
7.477653631284916855e+02	6.445598583511712891e+12	-5.923441318344103906e+13
7.497672253258846240e+02	1.168052008021652539e+13	-5.758419008327025000e+13
7.517690875232775625e+02	1.667140742092922461e+13	-5.549067306475246094e+13
7.537709497206705009e+02	2.138261809736934766e+13	-5.298400574291696094e+13
7.557728119180634394e+02	2.578188859859898438e+13	-5.009700997315706250e+13
7.577746741154562642e+02	2.984051183706750000e+13	-4.686482834802445312e+13
7.597765363128492027e+02	3.353348155443910938e+13	-4.332455587740519531e+13
7.617783985102421411e+02	3.683960344103071094e+13	-3.951486640279533594e+13
7.637802607076350796e+02	3.974157147234424219e+13	-3.547563851062771875e+13
7.657821229050280181e+02	4.222600777359253906e+13	-3.124758402639469531e+13
7.677839851024209565e+02	4.428346544860933594e+13	-2.687188063737337500e+13
7.697858472998138950e+02	4.590839568410782812e+13	-2.238980971262898047e+13
7.717877094972067198e+02	4.709908202887958594e+13	-1.784240116142670703e+13
7.737895716945996583e+02	4.785754521597770312e+13	-1.327008858050846680e+13
7.757914338919925967e+02	4.818942113142835938e+13	-8.712378974160261719e+12
7.777932960893855352e+02	4.810381319371549219e+13	-4.207541231071891113e+12
7.797951582867784737e+02	4.761311948389457812e+13	2.076837205470859680e+11
7.817970204841714121e+02	4.673283514180964062e+13	4.498349885434816406e+12
7.837988826815643506e+02	4.548133177486183594e+13	8.631550335084826172e+12
7.858007448789572891e+02	4.387961718650592969e+13	1.257663865080996875e+13
7.878026070763501139e+02	4.195107969371426562e+13	1.630542693686618555e+13
7.898044692737430523e+02	3.972122112770486719e+13	1.979235852203137891e+13
7.918063314711359908e+02	3.721738148137473438e+13	2.301465295843423828e+13
7.938081936685289293e+02	3.446845684570988672e+13	2.595242151267836719e+13
7.958100558659218677e+02	3.150461161544760938e+13	2.858875278214569922e+13
7.978119180633148062e+02	2.835698633539987109e+13	3.090976958054139062e+13
7.998137802607077447e+02	2.505740370573684766e+13	3.290465901508395312e+13
8.018156424581006831e+02	2.163807638664596484e+13	3.456567739877950781e+13
8.038175046554935079e+02	1.813132058451875781e+13	3.588813065271011719e+13
8.058193668528864464e+02	1.456927871055325391e+13	3.687032993528557812e+13
8.078212290502793849e+02	1.098365307532958594e+13	3.751352209374514062e+13
8.098230912476723233e+02	7.405451397594026367e+12	3.782179535407341406e+13
8.118249534450652618e+02	3.864744519518962402e+12	3.780196201147946875e+13
8.138268156424582003e+02	3.904372591317800293e+11	3.746342098709503906e+13
8.158286778398511387e+02	-2.989945677005089844e+12	3.681800337408525000e+13
8.178305400372440772e+02	-6.250456102127859375e+12	3.587980344539246875e+13
8.198324022346369020e+02	-9.366898608043583984e+12	3.466499653851227734e+13
8.218342644320298405e+02	-1.231698519754734961e+13	3.319164450400867578e+13
8.238361266294227789e+02	-1.508046812237608984e+13	3.147948949828630469e+13
8.258379888268157174e+02	-1.763925166830242188e+13	2.954973776595307031e+13
8.278398510242086559e+02	-1.997748369828297266e+13	2.742483614322277734e+13
8.298417132216015943e+02	-2.208162709538519922e+13	2.512824463494305078e+13
8.318435754189945328e+02	-2.394051040433877344e+13	2.268420818945430078e+13
8.338454376163873576e+02	-2.554535661074488281e+13	2.011752987026822656e+13
8.358472998137802961e+02	-2.688978944984223047e+13	1.745334658062784961e+13
8.378491620111732345e+02	-2.796981770414093750e+13	1.471690796441628906e+13
8.398510242085661730e+02	-2.878379904417644141e+13	1.193335936334855859e+13
8.418528864059591115e+02	-2.933238549443645703e+13	9.127530519042414062e+12
8.438547486033520499e+02	-2.961845234079456250e+13	6.323732481393088867e+12
8.458566108007449884e+02	-2.964701151121259375e+13	3.545565364898961914e+12
8.478584729981379269e+02	-2.942510974602267188e+13	8.157390089988233643e+11
8.498603351955307517e+02	-2.896171174806505078e+13	-1.844092442312255371e+12
8.518621973929236901e+02	-2.826756909109617969e+13	-4.413481936562396484e+12
8.538640595903166286e+02	-2.735507662767888281e+13	-6.873327075537092773e+12
8.558659217877095671e+02	-2.623811889847437500e+13	-9.205993638330597656e+12
8.578677839851025055e+02	-2.493190916075673047e+13	-1.139542413186194727e+13
8.598696461824954440e+02	-2.345282309306476562e+13	-1.342722994446486133e+13
8.618715083798883825e+02	-2.181822838344139062e+13	-1.528876582259292188e+13
8.638733705772813209e+02	-2.004631082249296094e+13	-1.696918615851721484e+13
8.658752327746741457e+02	-1.815589756150245703e+13	-1.845948355995487891e+13
8.678770949720670842e+02	-1.616627880824643555e+13	-1.975251083504574219e+13
8.698789571694600227e+02	-1.409702999733546484e+13	-2.084298754635958203e+13
8.718808193668529611e+02	-1.196783687324816406e+13	-2.172749175561887891e+13
8.738826815642458996e+02	-9.798325683960732422e+12	-2.240443692982694531e+13
8.758845437616388381e+02	-7.607899929064846680e+12	-2.287403370234797656e+13
8.778864059590317765e+02	-5.415584282217245117e+12	-2.313823651747083203e+13
8.798882681564247150e+02	-3.239875884702262207e+12	-2.320067597303272656e+13
8.818901303538175398e+02	-1.098603384841105591e+12	-2.306657846415610156e+13
8.838919925512104783e+02	9.912053131355574951e+11	-2.274267507696781250e+13
8.858938547486034167e+02	3.013445076553270996e+12	-2.223710142424178906e+13
8.878957169459963552e+02	4.953043738289256836e+12	-2.155928947409336719e+13
8.898975791433892937e+02	6.796059327208145508e+12	-2.071985184762292578e+13
8.918994413407822321e+02	8.529764014665084961e+12	-1.973045894128825781e+13
8.939013035381751706e+02	1.014271514924730273e+13	-1.860370964917045312e+13
8.959031657355679954e+02	1.162481396592691211e+13	-1.735299715268779883e+13
8.979050279329609339e+02	1.296735224174789648e+13	-1.599237177097223438e+13
8.999068901303538723e+02	1.416304661338273633e+13	-1.453640289407703320e+13
9.019087523277468108e+02	1.520605990288567578e+13	-1.300004153967801758e+13
9.039106145251397493e+02	1.609200891558542383e+13	-1.139848438559330859e+13
9.059124767225326877e+02	1.681795875893750977e+13	-9.747039656405648438e+12
9.079143389199256262e+02	1.738240446529400000e+13	-8.060995252084189453e+12
9.099162011173185647e+02	1.778524117664431641e+13	-6.355489950826516602e+12
9.119180633147113895e+02	1.802772412726152344e+13	-4.645389069353921875e+12
9.139199255121043279e+02	1.811241921917740234e+13	-2.945166229539700195e+12
9.159217877094972664e+02	1.804314446269768750e+13	-1.268792654844402100e+12
9.179236499068902049e+02	1.782490232566310156e+13	3.703651894734691162e+11
9.199255121042831433e+02	1.746380327617565039e+13	1.959639447189974609e+12
9.219273743016760818e+02	1.696698138236230664e+13	3.487146376895905762e+12
9.239292364990690203e+02	1.634250340142739062e+13	4.941863540086353516e+12
9.259310986964619588e+02	1.559927301001376367e+13	6.313698250746875977e+12
9.279329608938547835e+02	1.474693158366970312e+13	7.593546454484455078e+12
9.299348230912477220e+02	1.379575640121571289e+13	8.773341148437100586e+12
9.319366852886406605e+02	1.275655667906061523e+13	9.846089835804693359e+12
9.339385474860335989e+02	1.164056772775774609e+13	1.080590113485820703e+13
9.359404096834265374e+02	1.045934382610591211e+13	1.164800118490181641e+13
9.379422718808194759e+02	9.224650914884388672e+12	1.236874063617572852e+13
9.399441340782124144e+02	7.948360581962007812e+12	1.296559274645207227e+13
9.419459962756053528e+02	6.642346792524275391e+12	1.343714266089593359e+13
9.439478584729981776e+02	5.318386409372956055e+12	1.378306765783262500e+13
9.459497206703911161e+02	3.988063989502993652e+12	1.400410822836961328e+13
9.479515828677840545e+02	2.662680961374723145e+12	1.410203030045806445e+13
9.499534450651769930e+02	1.353169286663156738e+12	1.407957946647223047e+13
9.519553072625699315e+02	7.001004600774877930e+10	1.394042841110064648e+13
9.539571694599628700e+02	-1.176842198937104248e+12	1.368911868350278320e+13
9.559590316573558084e+02	-2.378028229284794922e+12	1.333099758208587109e+13
9.579608938547487469e+02	-3.524845337205306641e+12	1.287215048863971680e+13
9.599627560521416854e+02	-4.609300486320032227e+12	1.231932879300364062e+13
9.619646182495346238e+02	-5.624155620724211914e+12	1.167987372159479102e+13
9.639664804469275623e+02	-6.562965529352702148e+12	1.096163681437028711e+13
9.659683426443202734e+02	-7.420108555278410156e+12	1.017289821043891797e+13
9.679702048417132119e+02	-8.190810081347951172e+12	9.322284039732957031e+12
9.699720670391061503e+02	-8.871158399866781250e+12	8.418683992402659180e+12
9.719739292364990888e+02	-9.458112531385205078e+12	7.471169692583056641e+12
9.739757914338920273e+02	-9.949501857495705078e+12	6.488914114894015625e+12
9.759776536312849657e+02	-1.034401791611852148e+13	5.481112181079796875e+12
9.779795158286779042e+02	-1.064119910104921875e+13	4.456902900804844727e+12
9.799813780260708427e+02	-1.084140909740966406e+13	3.425293803444700195e+12
9.819832402234637811e+02	-1.094580965238225586e+13	2.395088677258587402e+12
9.839851024208567196e+02	-1.095632790951792773e+13	1.374819594244899414e+12
9.859869646182496581e+02	-1.087561828961179492e+13	3.726838560003205566e+11
9.879888268156425966e+02	-1.070701895790092188e+13	-6.035139577170688477e+11
9.899906890130355350e+02	-1.045450325401402734e+13	-1.546414961409880615e+12
9.919925512104284735e+02	-1.012262687523506250e+13	-2.449154079836346680e+12
9.939944134078214120e+02	-9.716471844563208984e+12	-3.305403162914564453e+12
9.959962756052143504e+02	-9.241588223857306641e+12	-4.109408630424455566e+12
9.979981378026070615e+02	-8.703934207739590820e+12	-4.856023037011810547e+12
1.000000000000000000e+03	-8.109814870975539062e+12	-5.540730111243219727e+12
