-7.500000000000000000e+01	0.000000000000000000e+00	0.000000000000000000e+00
-7.299813780260707574e+01	9.470370173647109985e+10	5.702105190605852051e+11
-7.099627560521415148e+01	4.189875319022528076e+11	1.375230311731587402e+12
-6.899441340782122722e+01	1.024077757834272827e+12	2.471294145338445312e+12
-6.699255121042830297e+01	1.966293267893346436e+12	3.988794232346364746e+12
-6.499068901303537871e+01	3.340666880709137695e+12	6.161694318117707031e+12
-6.298882681564245445e+01	5.319515863902734375e+12	9.347726031640222656e+12
-6.098696461824953019e+01	8.187660103155378906e+12	1.404379484482294141e+13
-5.898510242085660593e+01	1.237079731799478516e+13	2.090546251020319531e+13
-5.698324022346368167e+01	1.845982226669762109e+13	3.077917234821142969e+13
-5.498137802607075741e+01	2.723825846347351172e+13	4.475125168098332031e+13
-5.297951582867783316e+01	3.972022617562185156e+13	6.421096735157907031e+13
-5.097765363128491600e+01	5.720244010709324219e+13	9.091908652465673438e+13
-4.897579143389199174e+01	8.132756753796768750e+13	1.270707043464105156e+14
-4.697392923649906749e+01	1.141506666592766094e+14	1.753418622266116250e+14
-4.497206703910614323e+01	1.581974831160654688e+14	2.389122169230295938e+14
-4.297020484171321897e+01	2.165035753618334062e+14	3.214585008561882500e+14
-4.096834264432029471e+01	2.926253875199496875e+14	4.271141236792538750e+14
-3.896648044692737045e+01	3.906165791080538750e+14	5.603889233035219375e+14
-3.696461824953444619e+01	5.149637382931330000e+14	7.260412334968512500e+14
-3.496275605214152193e+01	6.704749732394395000e+14	9.288942273999760000e+14
-3.296089385474859768e+01	8.621140731315835000e+14	1.173591553996326500e+15
-3.095903165735567342e+01	1.094773827374055750e+15	1.464293886532683000e+15
-2.895716945996274916e+01	1.372986085196219250e+15	1.804326967019661000e+15
-2.695530726256983201e+01	1.700573380783882000e+15	2.195801031737371500e+15
-2.495344506517690775e+01	2.080256256959086000e+15	2.639229186574540000e+15
-2.295158286778398349e+01	2.513239835985980500e+15	3.133177190843703500e+15
-2.094972067039105923e+01	2.998810821310300000e+15	3.673978945958180000e+15
-1.894785847299813497e+01	3.533980791274198000e+15	4.255551047491601500e+15
-1.694599627560521071e+01	4.113213034636329000e+15	4.869336280075420000e+15
-1.494413407821228645e+01	4.728268457305412000e+15	5.504399754747233000e+15
-1.294227188081936220e+01	5.368201445078391000e+15	6.147692065380357000e+15
-1.094040968342643794e+01	6.019528893274760000e+15	6.784481151753937000e+15
-8.938547486033513678e+00	6.666584634905435000e+15	7.398939068374205000e+15
-6.936685288640589420e+00	7.292057224479272000e+15	7.974853195279213000e+15
-4.934823091247665161e+00	7.877692256064623000e+15	8.496416042869000000e+15
-2.932960893854740902e+00	8.405122884649957000e+15	8.949036332189075000e+15
-9.310986964618166439e-01	8.856776472649993000e+15	9.320108530816684000e+15
1.070763500931107615e+00	9.216793881968382000e+15	9.599679435926874000e+15
3.072625698324031873e+00	9.471892836236952000e+15	9.780958441722600000e+15
5.074487895716956132e+00	9.612108841736742000e+15	9.860631585646980000e+15
7.076350093109880390e+00	9.631356046775252000e+15	9.838956619731998000e+15
9.078212290502804649e+00	9.527764894989122000e+15	9.719635363298054000e+15
1.108007448789572891e+01	9.303771759984830000e+15	9.509478671440886000e+15
1.308193668528865317e+01	8.965956071658446000e+15	9.217896757598058000e+15
1.508379888268157742e+01	8.524640912028697000e+15	8.856261630228959000e+15
1.708566108007450168e+01	7.993291851590049000e+15	8.437197494439081000e+15
1.908752327746742594e+01	7.387764133269925000e+15	7.973858028268528000e+15
2.108938547486033599e+01	6.725458583605897000e+15	7.479246156716511000e+15
2.309124767225326025e+01	6.024450699304365000e+15	6.965622990063398000e+15
2.509310986964618451e+01	5.302654872342858000e+15	6.444039552802263000e+15
2.709497206703910877e+01	4.577077303062068000e+15	5.924009934985516000e+15
2.909683426443203302e+01	3.863198321540022500e+15	5.413329704267806000e+15
3.109869646182495728e+01	3.174509640994949500e+15	4.918030544540699000e+15
3.310055865921788154e+01	2.522216599020317500e+15	4.442452181571298000e+15
3.510242085661080580e+01	1.915101420297522500e+15	3.989406111949105000e+15
3.710428305400373006e+01	1.359532077165937500e+15	3.560402408946611500e+15
3.910614525139665432e+01	8.595929712231005000e+14	3.155910642653310000e+15
4.110800744878957858e+01	4.173085371958808125e+14	2.775628314684914000e+15
4.310986964618250283e+01	3.292887384131364453e+13	2.418734652013689000e+15
4.511173184357542709e+01	-2.947526164873480625e+14	2.084113450954577750e+15
4.711359404096835135e+01	-5.680762637898400000e+14	1.770535069885246000e+15
4.911545623836127561e+01	-7.902093658441997500e+14	1.476793742902628250e+15
5.111731843575419987e+01	-9.648709972005060000e+14	1.201801370897653000e+15
5.311918063314712413e+01	-1.096097547037327000e+15	9.446424112799277500e+14
5.512104283054003417e+01	-1.188052658538724250e+15	7.045964052649048750e+14
5.712290502793297264e+01	-1.244880999098267500e+15	4.811353522337796250e+14
5.912476722532588269e+01	-1.270602410015492500e+15	2.739030041552775625e+14
6.112662942271882116e+01	-1.269041278593521000e+15	8.268258901582757812e+13
6.312849162011173121e+01	-1.243785117697131750e+15	-9.264131409823984375e+13
6.513035381750466968e+01	-1.198166041838394500e+15	-2.521219891774359688e+14
6.713221601489757973e+01	-1.135258946723133250e+15	-3.957872768635953750e+14
6.913407821229051820e+01	-1.057890701044956375e+15	-5.236714193676450000e+14
7.113594040968342824e+01	-9.686555341032441250e+14	-6.358409839976956250e+14
7.313780260707636671e+01	-8.699329599298223750e+14	-7.324148075976291250e+14
7.513966480446927676e+01	-7.639058206056525000e+14	-8.135785178596277500e+14
7.714152700186221523e+01	-6.525771154728460000e+14	-8.795943806158090000e+14
7.914338919925512528e+01	-5.377850284428387500e+14	-9.308071285089201250e+14
8.114525139664806375e+01	-4.212159369725962500e+14	-9.676462568741516250e+14
8.314711359404097379e+01	-3.044152969063661250e+14	-9.906252003168701250e+14
8.514897579143391226e+01	-1.887963325099662188e+14	-1.000337878597216875e+15
8.715083798882682231e+01	-7.564656767800445312e+13	-9.974532444318130000e+14
8.915270018621976078e+01	3.386755522856248047e+13	-9.827085422792521250e+14
9.115456238361267083e+01	1.386974904625827656e+14	-9.569019012335550000e+14
9.315642458100560930e+01	2.379102321484543125e+14	-9.208846481153855000e+14
9.515828677839851935e+01	3.306862350686993125e+14	-8.755534482255428750e+14
9.716014897579145781e+01	4.163172738417707500e+14	-8.218421976316366250e+14
9.916201117318436786e+01	4.942041543694863750e+14	-7.607135801019331250e+14
1.011638733705773063e+02	5.638543535410692500e+14	-6.931503369663718750e+14
1.031657355679702164e+02	6.248796649011992500e+14	-6.201464688071483750e+14
1.051675977653631548e+02	6.769938011870181250e+14	-5.426986719147166875e+14
1.071694599627560649e+02	7.200097567151346250e+14	-4.617982518374153750e+14
1.091713221601490034e+02	7.538366754603247500e+14	-3.784235890329610000e+14
1.111731843575419134e+02	7.784760507796437500e+14	-2.935330621904292500e+14
1.131750465549348519e+02	7.940172556827375000e+14	-2.080582652014603438e+14
1.151769087523277619e+02	8.006325656557776250e+14	-1.228974193039537656e+14
1.171787709497206720e+02	7.985718957935821250e+14	-3.890903206776899219e+13
1.191806331471136104e+02	7.881574043990928750e+14	4.309401117987782812e+13
1.211824953445065205e+02	7.697779711251692500e+14	1.223497059623643281e+14
1.231843575418994590e+02	7.438834369248727500e+14	1.981514077236866562e+14
1.251862197392923690e+02	7.109784732156451250e+14	2.698515516946070625e+14
1.271880819366853075e+02	6.716160388319096250e+14	3.368647518268378125e+14
1.291899441340782175e+02	6.263905250120371250e+14	3.986704335942245625e+14
1.311918063314711560e+02	5.759307909746131250e+14	4.548150679125518750e+14
1.331936685288640660e+02	5.208932940761293750e+14	5.049139444646721875e+14
1.351955307262570045e+02	4.619554232130436875e+14	5.486523380335691250e+14
1.371973929236499146e+02	3.998090162133499375e+14	5.857859350207320000e+14
1.391992551210428530e+02	3.351539627918351875e+14	6.161404890264603750e+14
1.412011173184357631e+02	2.686918109994899688e+14	6.396107991818161250e+14
1.432029795158287016e+02	2.011193914750939062e+14	6.561591761608912500e+14
1.452048417132216116e+02	1.331225849558839844e+14	6.658135386746603750e+14
1.472067039106145501e+02	6.537041258344198438e+13	6.686651881388655000e+14
1.492085661080074601e+02	-1.490407516256317383e+12	6.648662062070696250e+14
1.512104283054003986e+02	-6.684039533852344531e+13	6.546263759479600000e+14
1.532122905027933086e+02	-1.300917960411180156e+14	6.382095693859000000e+14
1.552141527001862471e+02	-1.906927202069575625e+14	6.159296434173470000e+14
1.572160148975791572e+02	-2.481309975584731875e+14	5.881459792815398750e+14
1.592178770949720956e+02	-3.019377129015884375e+14	5.552588306845098750e+14
1.612197392923650057e+02	-3.516903132786180625e+14	5.177045971707193750e+14
1.632216014897579441e+02	-3.970151592907086250e+14	4.759510468931190000e+14
1.652234636871508542e+02	-4.375894511865096250e+14	4.304924369319566250e+14
1.672253258845437927e+02	-4.731425547981749375e+14	3.818444670167348125e+14
1.692271880819367027e+02	-5.034568253171538750e+14	3.305390589300808125e+14
1.712290502793296412e+02	-5.283680357898635625e+14	2.771190404169625625e+14
1.732309124767225512e+02	-5.477654615779949375e+14	2.221328729537640000e+14
1.752327746741154897e+02	-5.615915918703741250e+14	1.661295595899562188e+14
1.772346368715083997e+02	-5.698413883196942500e+14	1.096538059861588750e+14
1.792364990689013382e+02	-5.725610220315052500e+14	5.324142580877953125e+13
1.812383612662942483e+02	-5.698460859091178750e+14	-2.585068115392218750e+12
1.832402234636871867e+02	-5.618393580306527500e+14	-5.732073444975482031e+13
1.852420856610800683e+02	-5.487282350103175000e+14	-1.104823225064632656e+14
1.872439478584730068e+02	-5.307419379379336875e+14	-1.616121579117479375e+14
1.892458100558659453e+02	-5.081485315802430000e+14	-2.102816815754358750e+14
1.912476722532588838e+02	-4.812517320607873750e+14	-2.560945550920841875e+14
1.932495344506517654e+02	-4.503874515831343125e+14	-2.986893126700680000e+14
1.952513966480447039e+02	-4.159200569943532500e+14	-3.377416055605431250e+14
1.972532588454376423e+02	-3.782383827996863125e+14	-3.729661103922738750e+14
1.992551210428305808e+02	-3.377515975028832500e+14	-4.041181454959919375e+14
2.012569832402234624e+02	-2.948850386427096875e+14	-4.309949806104673750e+14
2.032588454376164009e+02	-2.500760979274570312e+14	-4.534367755931156875e+14
2.052607076350093394e+02	-2.037701766637996562e+14	-4.713270759889491250e+14
2.072625698324022778e+02	-1.564166825286579375e+14	-4.845928328481150625e+14
2.092644320297951595e+02	-1.084650316492052656e+14	-4.932039762744671875e+14
2.112662942271880979e+02	-6.036065712586732812e+13	-4.971726187588217500e+14
2.132681564245810364e+02	-1.254108062647115625e+13	-4.965519684725128750e+14
2.152700186219739749e+02	3.456785913661903516e+13	-4.914349951103456250e+14
2.172718808193668565e+02	8.055553220411303125e+13	-4.819528384544664375e+14
2.192737430167597950e+02	1.250297522306587500e+14	-4.682729176632349375e+14
2.212756052141527334e+02	1.676197298813014375e+14	-4.505967082366245000e+14
2.232774674115456719e+02	2.079787865377175000e+14	-4.291571977013118750e+14
2.252793296089385535e+02	2.457868620179474688e+14	-4.042160822501406875e+14
2.272811918063314920e+02	2.807528097708842500e+14	-3.760607932354518125e+14
2.292830540037244305e+02	3.126164288251225000e+14	-3.450014294060765625e+14
2.312849162011173689e+02	3.411501633644834375e+14	-3.113676283577927500e+14
2.332867783985102506e+02	3.661604205643210000e+14	-2.755053671029314688e+14
2.352886405959031890e+02	3.874885031391501250e+14	-2.377736647430340938e+14
2.372905027932961275e+02	4.050111968209185000e+14	-1.985411797570263125e+14
2.392923649906890660e+02	4.186410689069885000e+14	-1.581827367012499062e+14
2.412942271880819476e+02	4.283265147580963750e+14	-1.170758544541469531e+14
2.432960893854748861e+02	4.340515497702696875e+14	-7.559735679922017188e+13
2.452979515828678245e+02	4.358353120482158125e+14	-3.412012119845522656e+13
2.472998137802607062e+02	4.337312374294530000e+14	6.990020623900033203e+12
2.493016759776536446e+02	4.278258963329201250e+14	4.737724968356289062e+13
2.513035381750465831e+02	4.182375238188431250e+14	8.669861789557723438e+13
2.533054003724395216e+02	4.051143045618853125e+14	1.246267956765024531e+14
2.553072625698324032e+02	3.886324755932553750e+14	1.608526706219363438e+14
2.573091247672253417e+02	3.689942830050065625e+14	1.950877355856194062e+14
2.593109869646182801e+02	3.464257930634641875e+14	2.270662100233446250e+14
2.613128491620112186e+02	3.211745370297558750e+14	2.565468696569758125e+14
2.633147113594041002e+02	2.935069759416655625e+14	2.833145971429884375e+14
2.653165735567970387e+02	2.637058018343382188e+14	3.071816879254821250e+14
2.673184357541899772e+02	2.320671258748467188e+14	3.279889392423485625e+14
2.693202979515829156e+02	1.988976203221430000e+14	3.456065226708386250e+14
2.713221601489757973e+02	1.645116704548835000e+14	3.599346112575931250e+14
2.733240223463687357e+02	1.292285623678282344e+14	3.709037212162954375e+14
2.753258845437616742e+02	9.336970245664998438e+13	3.784747431792077500e+14
2.773277467411546127e+02	5.725585322444248438e+13	3.826386700833830625e+14
2.793296089385474943e+02	2.120438379104973047e+13	3.834160584531511250e+14
2.813314711359404328e+02	-1.447343786142209375e+13	3.808562697366088750e+14
2.833333333333333712e+02	-4.947505953019117188e+13	3.750365241163406875e+14
2.853351955307263097e+02	-8.350911085385218750e+13	3.660607718136086875e+14
2.873370577281191913e+02	-1.162976841989580469e+14	3.540583651761874375e+14
2.893389199255121298e+02	-1.475784238033663438e+14	3.391825133144312500e+14
2.913407821229050683e+02	-1.771064394137245938e+14	3.216085209143070000e+14
2.933426443202980067e+02	-2.046560631007049688e+14	3.015318416421921875e+14
2.953445065176908884e+02	-2.300224502453030312e+14	2.791659964694833438e+14
2.973463687150838268e+02	-2.530230008491636562e+14	2.547404065797898750e+14
2.993482309124767653e+02	-2.734985624430413125e+14	2.284981708527875000e+14
3.013500931098697038e+02	-2.913143812281971250e+14	2.006937926667276875e+14
3.033519553072625854e+02	-3.063607908496689375e+14	1.715908463203852812e+14
3.053538175046555239e+02	-3.185536546305025625e+14	1.414595786551604062e+14
3.073556797020484623e+02	-3.278345915815451250e+14	1.105744625009157188e+14
3.093575418994413440e+02	-3.341710114760490000e+14	7.921174147148984375e+13
3.113594040968342824e+02	-3.375559647308147500e+14	4.764701566374987500e+13
3.133612662942272209e+02	-3.380077927397405625e+14	1.615290874651747266e+13
3.153631284916201594e+02	-3.355695574875347500e+14	-1.500316528362152148e+13
3.173649906890130410e+02	-3.303082406655599375e+14	-4.556113877668172656e+13
3.193668528864059795e+02	-3.223137253202063125e+14	-7.527034125780518750e+13
3.213687150837989179e+02	-3.116975934232143750e+14	-1.038914652893116719e+14
3.233705772811918564e+02	-2.985917787189260000e+14	-1.311984284465682500e+14
3.253724394785847380e+02	-2.831471032362615000e+14	-1.569800963737325000e+14
3.273743016759776765e+02	-2.655317061203786250e+14	-1.810418303906083125e+14
3.293761638733706150e+02	-2.459293583056352812e+14	-2.032068376389890938e+14
3.313780260707635534e+02	-2.245376559611294062e+14	-2.233173235494614062e+14
3.333798882681564351e+02	-2.015660999315329062e+14	-2.412354624478296875e+14
3.353817504655493735e+02	-1.772340883893366250e+14	-2.568442034481457812e+14
3.373836126629423120e+02	-1.517688630154196562e+14	-2.700479160423786562e+14
3.393854748603352505e+02	-1.254034472966524531e+14	-2.807728625248921250e+14
3.413873370577281321e+02	-9.837460056947025000e+13	-2.889674746829853125e+14
3.433891992551210706e+02	-7.092079307237717188e+13	-2.946024169705026250e+14
3.453910614525140090e+02	-4.328019708304174219e+13	-2.976704351847559375e+14
3.473929236499069475e+02	-1.568869317059024219e+13	-2.981860084590223125e+14
3.493947858472998291e+02	1.162209456249119336e+13	-2.961848321514204375e+14
3.513966480446927676e+02	3.842670476593542188e+13	-2.917231549511301250e+14
3.533985102420857061e+02	6.450765117200627344e+13	-2.848769792125296875e+14
3.554003724394786445e+02	8.965711314236803125e+13	-2.757411193294381562e+14
3.574022346368715262e+02	1.136784932577722812e+14	-2.644281085973958438e+14
3.594040968342644646e+02	1.363878462805651719e+14	-2.510669536196008125e+14
3.614059590316574031e+02	1.576151891102954375e+14	-2.358017516551666562e+14
3.634078212290503416e+02	1.772056941504953125e+14	-2.187902003398394062e+14
3.654096834264432232e+02	1.950207545447047500e+14	-2.002020325729833125e+14
3.674115456238361617e+02	2.109388988923151562e+14	-1.802174006303530625e+14
3.694134078212291001e+02	2.248565329462268438e+14	-1.590252189215017812e+14
3.714152700186220386e+02	2.366884970399061562e+14	-1.368214639279827500e+14
3.734171322160149202e+02	2.463684440077703750e+14	-1.138074296495445156e+14
3.754189944134078587e+02	2.538490537428720000e+14	-9.018794722156125000e+13
3.774208566108007972e+02	2.591021010807457188e+14	-6.616959136722051562e+13
3.794227188081936788e+02	2.621183842395732812e+14	-4.195890493746954688e+13
3.814245810055866173e+02	2.629075087050872188e+14	-1.776067051427535547e+13
3.834264432029795557e+02	2.614975149330086250e+14	6.223753578775127930e+12
3.854283054003724942e+02	2.579343422826738438e+14	2.979802917764502734e+13
3.874301675977653758e+02	2.522811340603982500e+14	5.277236977590686719e+13
3.894320297951583143e+02	2.446174019907427188e+14	7.496500833775964062e+13
3.914338919925512528e+02	2.350380749497605312e+14	9.620359152605121875e+13
3.934357541899441912e+02	2.236524530494151875e+14	1.163264796772447344e+14
3.954376163873370729e+02	2.105830773578195000e+14	1.351839283605912656e+14
3.974394785847300113e+02	1.959645151947408750e+14	1.526391337790262188e+14
3.994413407821229498e+02	1.799420580031155938e+14	1.685691369230988125e+14
4.014432029795158883e+02	1.626703352545876875e+14	1.828655927805162188e+14
4.034450651769087699e+02	1.443118596132905625e+14	1.954354145731768438e+14
4.054469273743017084e+02	1.250355282557731406e+14	2.062012975735915000e+14
4.074487895716946468e+02	1.050151068933369844e+14	2.151021169819062188e+14
4.094506517690875853e+02	8.442771591810140625e+13	2.220931868840396875e+14
4.114525139664804669e+02	6.345232695958414844e+13	2.271463678572136562e+14
4.134543761638734054e+02	4.226827009637430469e+13	2.302500195020957812e+14
4.154562383612663439e+02	2.105375189401682422e+13	2.314088060265300625e+14
4.174581005586592823e+02	-1.560803790036890602e+10	2.306433710860321562e+14
4.194599627560521640e+02	-2.076820439477651953e+13	2.279898980563360000e+14
4.214618249534451024e+02	-4.103781425646568750e+13	2.234995646583630312e+14
4.234636871508380409e+02	-6.066488519578939062e+13	2.172378917782860625e+14
4.254655493482309794e+02	-7.949773188459589062e+13	2.092839817903080625e+14
4.274674115456238610e+02	-9.739363999181040625e+13	1.997296449616310625e+14
4.294692737430167995e+02	-1.142198815725005000e+14	1.886784217754856562e+14
4.314711359404097379e+02	-1.298546438761489062e+14	1.762445186334692812e+14
4.334729981378026764e+02	-1.441878657736264688e+14	1.625516786455572188e+14
4.354748603351955580e+02	-1.571219684564505625e+14	1.477320058501131875e+14
4.374767225325884965e+02	-1.685724650880100625e+14	1.319247528222325781e+14
4.394785847299814350e+02	-1.784684394079563125e+14	1.152750738731971094e+14
4.414804469273743734e+02	-1.867528929688043750e+14	9.793274395098232812e+13
4.434823091247673119e+02	-1.933829691016114688e+14	8.005084816972267188e+13
4.454841713221601367e+02	-1.983300641998995312e+14	6.178445539952214844e+13
4.474860335195530752e+02	-2.015798326891766875e+14	4.328929600594496875e+13
4.494878957169460136e+02	-2.031320845911432812e+14	2.472046437437253516e+13
4.514897579143389521e+02	-2.030005693154605625e+14	6.231160958110539062e+12
4.534916201117318906e+02	-2.012126400848473125e+14	-1.202852003791207422e+13
4.554934823091248290e+02	-1.978088001229420312e+14	-2.991275729088861328e+13
4.574953445065177675e+02	-1.928421405102929688e+14	-4.728112328766228906e+13
4.594972067039107060e+02	-1.863776853135476250e+14	-6.399965399229857031e+13
4.614990689013035308e+02	-1.784916591391661562e+14	-7.994185465254400000e+13
4.635009310986964692e+02	-1.692706865228267812e+14	-9.498962550523642188e+13
4.655027932960894077e+02	-1.588109256926200938e+14	-1.090340935752671719e+14
4.675046554934823462e+02	-1.472171359544150938e+14	-1.219763440404595781e+14
4.695065176908752846e+02	-1.346016805131411250e+14	-1.337280525098755625e+14
4.715083798882682231e+02	-1.210834734140528594e+14	-1.442120235422928750e+14
4.735102420856611616e+02	-1.067868861747327812e+14	-1.533626389251673125e+14
4.755121042830541001e+02	-9.184063234582903125e+13	-1.611262134814115000e+14
4.775139664804469248e+02	-7.637664518809353125e+13	-1.674612507703612188e+14
4.795158286778398633e+02	-6.052895700284982812e+13	-1.723385899630807812e+14
4.815176908752328018e+02	-4.443258269892546094e+13	-1.757414395186074062e+14
4.835195530726257402e+02	-2.822240861525651953e+13	-1.776653007011280000e+14
4.855214152700186787e+02	-1.203209121081626562e+13	-1.781177901961975625e+14
4.875232774674116172e+02	4.007023587848769531e+12	-1.771183726971845938e+14
4.895251396648045557e+02	1.976694501319096094e+13	-1.746980109205479062e+14
4.915270018621974941e+02	3.512403081537939453e+13	-1.708987348246164375e+14
4.935288640595903189e+02	4.995991901886182812e+13	-1.657731279478191562e+14
4.955307262569832574e+02	6.416239450818303125e+13	-1.593837295512698125e+14
4.975325884543761958e+02	7.762619150315378125e+13	-1.518023564084478438e+14
4.995344506517691343e+02	9.025373296693535938e+13	-1.431093545785469375e+14
5.015363128491620728e+02	1.019558038568847188e+14	-1.333927954698605938e+14
5.035381750465550112e+02	1.126521500252734062e+14	-1.227476297458544844e+14
5.055400372439479497e+02	1.222719922052507500e+14	-1.112748079622108281e+14
5.075418994413407745e+02	1.307544467632879688e+14	-9.908037147979781250e+13
5.095437616387337130e+02	1.380488506810636406e+14	-8.627451471418793750e+13
5.115456238361266514e+02	1.441149942549281562e+14	-7.297062174842200000e+13
5.135474860335195899e+02	1.489232679077674062e+14	-5.928428543642545312e+13
5.155493482309125284e+02	1.524547279958628125e+14	-4.533232204574490625e+13
5.175512104283054668e+02	1.547010820930039062e+14	-3.123179607141093750e+13
5.195530726256984053e+02	1.556645902613521875e+14	-1.709906709629537109e+13
5.215549348230913438e+02	1.553578782217771250e+14	-3.048865215733159668e+12
5.235567970204841686e+02	1.538036618314223750e+14	1.080660310623673047e+13
5.255586592178771070e+02	1.510343879446639375e+14	2.435851808340206250e+13
5.275605214152700455e+02	1.470918013028065938e+14	3.750227519301288281e+13
5.295623836126629840e+02	1.420264480489928750e+14	5.013827140533817188e+13
5.315642458100559224e+02	1.358971236103205312e+14	6.217263800413779688e+13
5.335661080074488609e+02	1.287702682320382344e+14	7.351790944260792188e+13
5.355679702048417994e+02	1.207193105233462812e+14	8.409362175989046875e+13
5.375698324022347379e+02	1.118239600326499219e+14	9.382683942117268750e+13
5.395716945996275626e+02	1.021694538042919062e+14	1.026526129891623750e+14
5.415735567970205011e+02	9.184576666351481250e+13	1.105143699615598594e+14
5.435754189944134396e+02	8.094679769283218750e+13	1.173642379441654062e+14
5.455772811918063780e+02	6.956954441662252344e+13	1.231632955548311875e+14
5.475791433891993165e+02	5.781327234440300000e+13	1.278817448813753594e+14
5.495810055865922550e+02	4.577868327900983594e+13	1.314990012919083594e+14
5.515828677839851935e+02	3.356708385855306641e+13	1.340037009753431875e+14
5.535847299813781319e+02	2.127955729068688281e+13	1.353936311923976875e+14
5.555865921787709567e+02	9.016145037694880859e+12	1.356755902998559062e+14
5.575884543761638952e+02	-3.124951268437216309e+12	1.348651832783244531e+14
5.595903165735568336e+02	-1.504813654173573242e+13	1.329865550255795625e+14
5.615921787709497721e+02	-2.666114891452295703e+13	1.300720606605805156e+14
5.635940409683427106e+02	-3.787574204657806250e+13	1.261618717354405938e+14
5.655959031657356491e+02	-4.860832241961853125e+13	1.213035200217597812e+14
5.675977653631285875e+02	-5.878054189111278125e+13	1.155513848568561719e+14
5.695996275605214123e+02	-6.831984371901369531e+13	1.089661333641286562e+14
5.716014897579143508e+02	-7.715995689422684375e+13	1.016141233207695469e+14
5.736033519553072892e+02	-8.524133141509573438e+13	9.356677599378537500e+13
5.756052141527002277e+02	-9.251150780190365625e+13	8.489992268008071875e+13
5.776070763500931662e+02	-9.892541752257828125e+13	7.569312639369051562e+13
5.796089385474861047e+02	-1.044456152161692812e+14	6.602898065969196094e+13
5.816108007448790431e+02	-1.090424463032767344e+14	5.599239036562499219e+13
5.836126629422719816e+02	-1.126941534240775312e+14	4.566984315773879688e+13
5.856145251396648064e+02	-1.153869226466670000e+14	3.514868168904871484e+13
5.876163873370577448e+02	-1.171148675188462031e+14	2.451638597961196094e+13
5.896182495344506833e+02	-1.178799479559972969e+14	1.385987190488778516e+13
5.916201117318436218e+02	-1.176918226309132656e+14	3.264808406007137207e+12
5.936219739292365603e+02	-1.165676371392750000e+14	-7.185045524215924805e+12
5.956238361266294987e+02	-1.145317537131656250e+14	-1.740848189289429102e+13
5.976256983240224372e+02	-1.116154297003600312e+14	-2.732745775343556641e+13
5.996275605214153757e+02	-1.078564508052230469e+14	-3.686767466912001562e+13
6.016294227188082004e+02	-1.032987222721560000e+14	-4.595911561768424219e+13
6.036312849162011389e+02	-9.799181882461609375e+13	-5.453653353263182812e+13
6.056331471135940774e+02	-9.199049393827796875e+13	-6.253988922721982812e+13
6.076350093109870159e+02	-8.535415119434154688e+13	-6.991473934859935156e+13
6.096368715083799543e+02	-7.814628373940656250e+13	-7.661257570482609375e+13
6.116387337057728928e+02	-7.043389027867053125e+13	-8.259111568498635938e+13
6.136405959031658313e+02	-6.228687613397185938e+13	-8.781454092285579688e+13
6.156424581005587697e+02	-5.377744575550217969e+13	-9.225367978322551562e+13
6.176443202979515945e+02	-4.497949013418672656e+13	-9.588612994701501562e+13
6.196461824953445330e+02	-3.596797071800210938e+13	-9.869632013605735938e+13
6.216480446927374715e+02	-2.681830182090815625e+13	-1.006755133381136094e+14
6.236499068901304099e+02	-1.760573579138392969e+13	-1.018217559301750312e+14
6.256517690875233484e+02	-8.404757822413616211e+12	-1.021397768644231406e+14
6.276536312849162869e+02	7.115015235733709717e+11	-1.016408390430087188e+14
6.296554934823092253e+02	9.671829071901585938e+12	-1.003425427566995469e+14
6.316573556797020501e+02	1.840746280922630469e+13	-9.826858027698731250e+13
6.336592178770949886e+02	2.685259518949110547e+13	-9.544844206659456250e+13
6.356610800744879270e+02	3.494484571812683203e+13	-9.191707789947689062e+13
6.376629422718808655e+02	4.262570167955890625e+13	-8.771451882371851562e+13
6.396648044692738040e+02	4.984092369118768750e+13	-8.288546685767937500e+13
6.416666666666667425e+02	5.654091091584182812e+13	-7.747885816330890625e+13
6.436685288640596809e+02	6.268102064128552344e+13	-7.154740309739295312e+13
6.456703910614526194e+02	6.822183881718077344e+13	-6.514710462746028125e+13
6.476722532588454442e+02	7.312940103059948438e+13	-5.833675640971852344e+13
6.496741154562383826e+02	7.737536568921343750e+13	-5.117742351039012500e+13
6.516759776536313211e+02	8.093714167536937500e+13	-4.373191124101297656e+13
6.536778398510242596e+02	8.379797140951892188e+13	-3.606422929268549219e+13
6.556797020484171981e+02	8.594696824823531250e+13	-2.823905821769184375e+13
6.576815642458101365e+02	8.737910598080520312e+13	-2.032122342066095703e+13
6.596834264432030750e+02	8.809515883982643750e+13	-1.237517937535733008e+13
6.616852886405960135e+02	8.810159268609539062e+13	-4.464505277219335938e+12
6.636871508379888382e+02	8.741041062968039062e+13	3.348586373485646973e+12
6.656890130353817767e+02	8.603895785941651562e+13	1.100372501205138867e+13
6.676908752327747152e+02	8.400969013618409375e+13	1.844283587770707422e+13
6.696927374301676537e+02	8.134990868888551562e+13	2.561056654949930859e+13
6.716945996275605921e+02	7.809146242975189062e+13	3.245468122518611719e+13
6.736964618249535306e+02	7.427041779554003125e+13	3.892642012715403125e+13
6.756983240223464691e+02	6.992669762625073438e+13	4.498082368557985938e+13
6.777001862197394075e+02	6.510369269736139062e+13	5.057702212249131250e+13
6.797020484171322323e+02	5.984785150469090625e+13	5.567849034682328125e+13
6.817039106145251708e+02	5.420825449139167188e+13	6.025326636334732031e+13
6.837057728119181093e+02	4.823617782318660938e+13	6.427413001321293750e+13
6.857076350093110477e+02	4.198464983046954688e+13	6.771873888784959375e+13
6.877094972067039862e+02	3.550800165366510156e+13	7.056971986108720312e+13
6.897113594040969247e+02	2.886141345681726172e+13	7.281471702849889062e+13
6.917132216014898631e+02	2.210045888257760938e+13	7.444639863372540625e+13
6.937150837988826879e+02	1.528065231740491406e+13	7.546242587895882812e+13
6.957169459962756264e+02	8.457004753131119141e+12	7.586538539118260938e+13
6.977188081936685649e+02	1.683593744036207764e+12	7.566268548769490625e+13
6.997206703910615033e+02	-4.986848701937081055e+12	7.486641548671123438e+13
7.017225325884544418e+02	-1.150332850685483984e+13	7.349316787522637500e+13
7.037243947858473803e+02	-1.781696162689426562e+13	7.156382495371539062e+13
7.057262569832403187e+02	-2.388132510262415234e+13	6.910331360557813281e+13
7.077281191806332572e+02	-2.965278491117780469e+13	6.614033293506928906e+13
7.097299813780260820e+02	-3.509079699810818750e+13	6.270705912947036719e+13
7.117318435754190205e+02	-4.015817738054873438e+13	5.883883041809923438e+13
7.137337057728119589e+02	-4.482133817382925781e+13	5.457381348462602344e+13
7.157355679702048974e+02	-4.905048833306914062e+13	4.995265218637197656e+13
7.177374301675978359e+02	-5.281979974304747656e+13	4.501810030968242969e+13
7.197392923649907743e+02	-5.610754004407094531e+13	3.981464180850644531e+13
7.217411545623837128e+02	-5.889617297182214062e+13	3.438810345628129688e+13
7.237430167597766513e+02	-6.117242561217747656e+13	2.878526516539889844e+13
7.257448789571694761e+02	-6.292732090009442188e+13	2.305347220903923438e+13
7.277467411545624145e+02	-6.415617377987857812e+13	1.724025187448518164e+13
7.297486033519553530e+02	-6.485855078895289062e+13	1.139293575092816016e+13
7.317504655493482915e+02	-6.503819471862023438e+13	5.558288696846499023e+12
7.337523277467412299e+02	-6.470291739259286719e+13	-2.178534418676842346e+11
7.357541899441341684e+02	-6.386446376983283594e+13	-5.890933833263891602e+12
7.377560521415271069e+02	-6.253834958721748438e+13	-1.141800798439843359e+13
7.397579143389200453e+02	-6.074367339948179688e+13	-1.675805636130609375e+13
7.417597765363128701e+02	-5.850290314639238281e+13	-2.187227372948279688e+13
7.437616387337058086e+02	-5.584163784612197656e+13	-2.672433435732755469e+13
7.457635009310987471e+02	-5.278834646095708594e+13	-3.128063323639669922e+13
7.477653631284916855e+02	-4.937408755723770312e+13	-3.551050328495088281e+13
7.497672253258846240e+02	-4.563221415705221094e+13	-3.938640739999035156e+13
7.517690875232775625e+02	-4.159806773879918750e+13	-4.288410307385986719e+13
7.537709497206705009e+02	-3.730866403910595312e+13	-4.598277697848091406e+13
7.557728119180634394e+02	-3.280237202095714844e+13	-4.866514778108303906e+13
7.577746741154562642e+02	-2.811858694219832031e+13	-5.091753707541592188e+13
7.597765363128492027e+02	-2.329739914989270703e+13	-5.272990980148415625e+13
7.617783985102421411e+02	-1.837926157160587891e+13	-5.409588609285423438e+13
7.637802607076350796e+02	-1.340465998550043164e+13	-5.501272594092439062e+13
7.657821229050280181e+02	-8.413790290755748047e+12	-5.548128691739746875e+13
7.677839851024209565e+02	-3.446246050872818359e+12	-5.550595433333910938e+13
7.697858472998138950e+02	1.459281889405485107e+12	-5.509454331577046094e+13
7.717877094972067198e+02	6.265293030537860352e+12	-5.425817339708185156e+13
7.737895716945996583e+02	1.093575154331522852e+13	-5.301111773227918750e+13
7.757914338919925967e+02	1.543634592607236133e+13	-5.137063012198839844e+13
7.777932960893855352e+02	1.973473148400071484e+13	-4.935675305988914062e+13
7.797951582867784737e+02	2.380075249556580078e+13	-4.699210912721746875e+13
7.817970204841714121e+02	2.760664132609441016e+13	-4.430167689374964062e+13
7.837988826815643506e+02	3.112719301288766016e+13	-4.131255187096065625e+13
7.858007448789572891e+02	3.433991528293804688e+13	-3.805369343978328906e+13
7.878026070763501139e+02	3.722515478284271094e+13	-3.455565983345302734e+13
7.898044692737430523e+02	3.976620012024027344e+13	-3.085033448052642578e+13
7.918063314711359908e+02	4.194936140052235938e+13	-2.697064754773275781e+13
7.938081936685289293e+02	4.376402501913632812e+13	-2.295029605088910156e+13
7.958100558659218677e+02	4.520268225760917969e+13	-1.882346474295465625e+13
7.978119180633148062e+02	4.626093098258750781e+13	-1.462454888044309375e+13
7.998137802607077447e+02	4.693745109332305469e+13	-1.038787959518112109e+13
8.018156424581006831e+02	4.723395555960542188e+13	-6.147453150325428711e+12
8.038175046554935079e+02	4.715511929804680469e+13	-1.936666426689210205e+12
8.058193668528864464e+02	4.670848761776006250e+13	2.211938174094596680e+12
8.078212290502793849e+02	4.590436497836740625e+13	6.266915203394462891e+12
8.098230912476723233e+02	4.475568408090643750e+13	1.019814368135758594e+13
8.118249534450652618e+02	4.327785540320765625e+13	1.397703859089482812e+13
8.138268156424582003e+02	4.148859820788349219e+13	1.757674622743049023e+13
8.158286778398511387e+02	3.940775527065632031e+13	2.097232339181710938e+13
8.178305400372440772e+02	3.705709438338264844e+13	2.414089973404656641e+13
8.198324022346369020e+02	3.446009962921747656e+13	2.706182163455673438e+13
8.218342644320298405e+02	3.164175460397674609e+13	2.971677554462462500e+13
8.238361266294227789e+02	2.862831874154940234e+13	3.208988909517255469e+13
8.258379888268157174e+02	2.544709736908666016e+13	3.416780937374958984e+13
8.278398510242086559e+02	2.212620641701741797e+13	3.593975896770782812e+13
8.298417132216015943e+02	1.869433364169746875e+13	3.739757102390643750e+13
8.318435754189945328e+02	1.518049917652360547e+13	3.853570438529600781e+13
8.338454376163873576e+02	1.161381858650146875e+13	3.935123907565689062e+13
8.358472998137802961e+02	8.023271119569561523e+12	3.984385163383967969e+13
8.378491620111732345e+02	4.437474813959611328e+12	4.001576964074601562e+13
8.398510242085661730e+02	8.844691616241528320e+11	3.987170542522157812e+13
8.418528864059591115e+02	-2.608494295341195801e+12	3.941877004998774219e+13
8.438547486033520499e+02	-6.015152605757821289e+12	3.866636963565231250e+13
8.458566108007449884e+02	-9.310421593901980469e+12	3.762608635413207812e+13
8.478584729981379269e+02	-1.247057324402888867e+13	3.631154592403719531e+13
8.498603351955307517e+02	-1.547339799265000195e+13	3.473827256738805078e+13
8.518621973929236901e+02	-1.829835042500172266e+13	3.292353176190197656e+13
8.538640595903166286e+02	-2.092667796870345312e+13	3.088616119282560547e+13
8.558659217877095671e+02	-2.334153296648317969e+13	2.864639106186959375e+13
8.578677839851025055e+02	-2.552806858369075391e+13	2.622565589327292578e+13
8.598696461824954440e+02	-2.747351842160128516e+13	2.364640058603786719e+13
8.618715083798883825e+02	-2.916725894062145312e+13	2.093188333321915234e+13
8.638733705772813209e+02	-3.060085343408720312e+13	1.810597726684264062e+13
8.658752327746741457e+02	-3.176807665265993750e+13	1.519297178769671484e+13
8.678770949720670842e+02	-3.266492011415577344e+13	1.221737407154380078e+13
8.698789571694600227e+02	-3.328957913033369141e+13	9.203711484212134766e+12
8.718808193668529611e+02	-3.364242309277999609e+13	6.176336400952488281e+12
8.738826815642458996e+02	-3.372595035133415234e+13	3.159235686397538086e+12
8.758845437616388381e+02	-3.354472831536665625e+13	1.758473283122809448e+11
8.778864059590317765e+02	-3.310531874294178906e+13	-2.751113755989070312e+12
8.798882681564247150e+02	-3.241618805095135156e+13	-5.599819644416877930e+12
8.818901303538175398e+02	-3.148760302361253125e+13	-8.349482802003286133e+12
8.838919925512104783e+02	-3.033151322125748438e+13	-1.098049894890730859e+13
8.858938547486034167e+02	-2.896142215577207031e+13	-1.347457902678046094e+13
8.878957169459963552e+02	-2.739224946630873438e+13	-1.581486916443156641e+13
8.898975791433892937e+02	-2.564018584207984766e+13	-1.798605702494922266e+13
8.918994413407822321e+02	-2.372254165199783984e+13	-1.997446300326666406e+13
8.939013035381751706e+02	-2.165758968683382422e+13	-2.176811544886855078e+13
8.959031657355679954e+02	-1.946440246840337500e+13	-2.335681003283978516e+13
8.979050279329609339e+02	-1.716268520528182812e+13	-2.473215403538264453e+13
8.999068901303538723e+02	-1.477260627479866602e+13	-2.588759636359896484e+13
9.019087523277468108e+02	-1.231462757235806445e+13	-2.681844358547765625e+13
9.039106145251397493e+02	-9.809336893534449219e+12	-2.752186160371359375e+13
9.059124767225326877e+02	-7.277283807353758789e+12	-2.799686229205733203e+13
9.079143389199256262e+02	-4.738819677130712891e+12	-2.824427473759487109e+13
9.099162011173185647e+02	-2.213942073140362793e+12	-2.826670153212483203e+13
9.119180633147113895e+02	2.778559767676539917e+11	-2.806846138506932422e+13
9.139199255121043279e+02	2.717730812695768066e+12	-2.765551972283423438e+13
9.159217877094972664e+02	5.087625338599091797e+12	-2.703540870932231641e+13
9.179236499068902049e+02	7.370396726674204102e+12	-2.621713747833423047e+13
9.199255121042831433e+02	9.549933222264654297e+12	-2.521109277589467969e+13
9.219273743016760818e+02	1.161125946422533008e+13	-2.402893009005911719e+13
9.239292364990690203e+02	1.354063045737946875e+13	-2.268345580624873047e+13
9.259310986964619588e+02	1.532561455708323438e+13	-2.118850169866582812e+13
9.279329608938547835e+02	1.695516547876355664e+13	-1.955879368238904297e+13
9.299348230912477220e+02	1.841968272165053906e+13	-1.780981683687134375e+13
9.319366852886406605e+02	1.971105936336900391e+13	-1.595767823562192383e+13
9.339385474860335989e+02	2.082271628078383984e+13	-1.401896839759417188e+13
9.359404096834265374e+02	2.174962247936152734e+13	-1.201062167725163672e+13
9.379422718808194759e+02	2.248830202757885156e+13	-9.949775944045240234e+12
9.399441340782124144e+02	2.303682863718949609e+13	-7.853632430584504883e+12
9.419459962756053528e+02	2.339480892311746094e+13	-5.739317293827840820e+12
9.439478584729981776e+02	2.356335488995907812e+13	-3.623746788763425293e+12
9.459497206703911161e+02	2.354504559969132031e+13	-1.523497750896406250e+12
9.479515828677840545e+02	2.334387771122898047e+13	5.453155716008623047e+11
9.499534450651769930e+02	2.296520486287404688e+13	2.567158014073786133e+12
9.519553072625699315e+02	2.241566655574576172e+13	4.527183359367490234e+12
9.539571694599628700e+02	2.170310789029046484e+13	6.411337428960612305e+12
9.559590316573558084e+02	2.083649180505629688e+13	8.206453705672916992e+12
9.579608938547487469e+02	1.982580521649796094e+13	9.900340269473357422e+12
9.599627560521416854e+02	1.868195985639326172e+13	1.148185672124740039e+13
9.619646182495346238e+02	1.741668806263047266e+13	1.294098019512212109e+13
9.639664804469275623e+02	1.604243366402502930e+13	1.426886029465980078e+13
9.659683426443202734e+02	1.457223849402209180e+13	1.545786341473978125e+13
9.679702048417132119e+02	1.301962572415397852e+13	1.650160708621981250e+13
9.699720670391061503e+02	1.139848170897797656e+13	1.739498465324927148e+13
9.719739292364990888e+02	9.722938061429568359e+12	1.813418003306173828e+13
9.739757914338920273e+02	8.007255213445583984e+12	1.871667192978184375e+13
9.759776536312849657e+02	6.265708052697970703e+12	1.914122697023239844e+13
9.779795158286779042e+02	4.512473773735898438e+12	1.940788178614471875e+13
9.799813780260708427e+02	2.761522108541436035e+12	1.951791477328556641e+13
9.819832402234637811e+02	1.026508562433422119e+12	1.947380870875792969e+13
9.839851024208567196e+02	-6.793281492497954102e+11	1.927920536245452344e+13
9.859869646182496581e+02	-2.343262985477031250e+12	1.893885277275804688e+13
9.879888268156425966e+02	-3.953174522145894043e+12	1.845854531001424219e+13
9.899906890130355350e+02	-5.497627298313079102e+12	1.784505640863714844e+13
9.919925512104284735e+02	-6.965946559096102539e+12	1.710606409301535352e+13
9.939944134078214120e+02	-8.348285703161653320e+12	1.625007002012468164e+13
9.959962756052143504e+02	-9.635686569962216797e+12	1.528631335088162695e+13
9.979981378026070615e+02	-1.082013220106916016e+13	1.422468098547418555e+13
1.000000000000000000e+03	-1.189459124969607031e+13	1.307561543061992188e+13
