-7.500000000000000000e+01	0.000000000000000000e+00	0.000000000000000000e+00
-7.299813780260707574e+01	9.470370172807464844e+12	5.702105189894673438e+13
-7.099627560521415148e+01	4.189875315773385938e+13	1.375230310371069531e+14
-6.899441340782122722e+01	1.024077754340013281e+14	2.471294135058179688e+14
-6.699255121042830297e+01	1.966293245946852812e+14	3.988794179389380625e+14
-6.499068901303537871e+01	3.340666776911774375e+14	6.161694093179838750e+14
-6.298882681564245445e+01	5.319515445614600000e+14	9.347725171531228750e+14
-6.098696461824953019e+01	8.187658565808253750e+14	1.404379175700336000e+15
-5.898510242085660593e+01	1.237079197422340500e+15	2.090545191257414000e+15
-5.698324022346368167e+01	1.845980441093303500e+15	3.077913736147926000e+15
-5.498137802607075741e+01	2.723820082926284000e+15	4.475114042978626000e+15
-5.297951582867783316e+01	3.972004648916325000e+15	6.421062662163176000e+15
-5.097765363128491600e+01	5.720189966374799000e+15	9.091808138394038000e+15
-4.897579143389199174e+01	8.132600067551795000e+15	1.270678475849074600e+16
-4.697392923649906749e+01	1.141462885842074800e+16	1.753340364650474400e+16
-4.497206703910614323e+01	1.581856907654850400e+16	2.388915465399211600e+16
-4.297020484171321897e+01	2.164729474059218800e+16	3.214058429997058800e+16
-4.096834264432029471e+01	2.925486612507684400e+16	4.269847169730675200e+16
-3.896648044692737045e+01	3.904311654145435200e+16	5.600820955921176000e+16
-3.696461824953444619e+01	5.145314829900672000e+16	7.253392366792366400e+16
-3.496275605214152193e+01	6.695027847787132000e+16	9.273442106992033600e+16
-3.296089385474859768e+01	8.600046035311868800e+16	1.170288213668986880e+17
-3.095903165735567342e+01	1.090358133583998560e+17	1.457498241004588480e+17
-2.895716945996274916e+01	1.364069497584697280e+17	1.790831326575735040e+17
-2.695530726256983201e+01	1.683206818253340800e+17	2.169928603055707520e+17
-2.495344506517690775e+01	2.047639068673853120e+17	2.591353005167399360e+17
-2.295158286778398349e+01	2.454185233266144320e+17	3.047679606830988800e+17
-2.094972067039105923e+01	2.895784438865379840e+17	3.526677722996829440e+17
-1.894785847299813497e+01	3.360876327304156160e+17	4.010814759544045440e+17
-1.694599627560521071e+01	3.833253865614816640e+17	4.477398481710986240e+17
-1.494413407821228645e+01	4.292672973617891840e+17	4.899703263923487360e+17
-1.294227188081936220e+01	4.716415743758290560e+17	5.249321990493900160e+17
-1.094040968342643794e+01	5.081768142250013440e+17	5.499689812432157440e+17
-8.938547486033513678e+00	5.369024397963840000e+17	5.630263233600442880e+17
-6.936685288640589420e+00	5.564310009394145280e+17	5.630371573220022400e+17
-4.934823091247665161e+00	5.661422936472076160e+17	5.501560788938915840e+17
-2.932960893854740902e+00	5.662150666845999360e+17	5.257545846243425280e+17
-9.310986964618166439e-01	5.575047350783534720e+17	4.921647439677454720e+17
1.070763500931107615e+00	5.413181280151085440e+17	4.522470184982819200e+17
3.072625698324031873e+00	5.191617028729559680e+17	4.089128171744459520e+17
5.074487895716956132e+00	4.925296132265585280e+17	3.647289311223197440e+17
7.076350093109880390e+00	4.627658426538775040e+17	3.216798053170836480e+17
9.078212290502804649e+00	4.310014794769370880e+17	2.810981675329373760e+17
1.108007448789572891e+01	3.981480927367623040e+17	2.437257875463493440e+17
1.308193668528865317e+01	3.649230789557557120e+17	2.098466010891390400e+17
1.508379888268157742e+01	3.318872875840914560e+17	1.794392505458465920e+17
1.708566108007450168e+01	2.994826503756748160e+17	1.523130795909079040e+17
1.908752327746742594e+01	2.680638642454499840e+17	1.282100605342129920e+17
2.108938547486033599e+01	2.379221371983489280e+17	1.068692704126512000e+17
2.309124767225326025e+01	2.093009873678517760e+17	8.805895420279937600e+16
2.509310986964618451e+01	1.824049544930981120e+17	7.158486302680406400e+16
2.709497206703910877e+01	1.574025285591848640e+17	5.728404787516994400e+16
2.909683426443203302e+01	1.344249360801405440e+17	4.501204066365131200e+16
3.109869646182495728e+01	1.135626698502193280e+17	3.462933725132820000e+16
3.310055865921788154e+01	9.486169531634758400e+16	2.599090951798325600e+16
3.510242085661080580e+01	7.832102919971745600e+16	1.894047672168791200e+16
3.710428305400373006e+01	6.389287479428284000e+16	1.330967880863236200e+16
3.910614525139665432e+01	5.148582446851741600e+16	8.921228251355334000e+15
4.110800744878957858e+01	4.097096456806652000e+16	5.594584293303461000e+15
4.310986964618250283e+01	3.219018849201299600e+16	3.152616503729539000e+15
4.511173184357542709e+01	2.496572649452150800e+16	1.427965471733298750e+15
4.711359404096835135e+01	1.910984656048943600e+16	2.682115116363477500e+14
4.911545623836127561e+01	1.443382009034132800e+16	-4.606073185248630625e+14
5.111731843575419987e+01	1.075549991766983000e+16	-8.722194445454095000e+14
5.311918063314712413e+01	7.905147266682129000e+15	-1.059916725487053875e+15
5.512104283054003417e+01	5.729408830132470000e+15	-1.097604436140297000e+15
5.712290502793297264e+01	4.093551170354349500e+15	-1.041727686149003375e+15
5.912476722532588269e+01	2.882195876669675000e+15	-9.337076937177795000e+14
6.112662942271882116e+01	1.998869660391622750e+15	-8.025723522135477500e+14
6.312849162011173121e+01	1.364701258840620750e+15	-6.675363581730775000e+14
6.513035381750466968e+01	9.165766657420427500e+14	-5.403613834101431875e+14
6.713221601489757973e+01	6.050201382328238750e+14	-4.273962040727183125e+14
6.913407821229051820e+01	3.920127479963707500e+14	-3.312544667697401250e+14
7.113594040968342824e+01	2.489022742146144688e+14	-2.521313309240500938e+14
7.313780260707636671e+01	1.545045137433486562e+14	-1.887895067200307812e+14
7.513966480446927676e+01	9.345058236001764062e+13	-1.392618184154712188e+14
7.714152700186221523e+01	5.479930146397707031e+13	-1.013239149233893438e+14
7.914338919925512528e+01	3.090843107629244531e+13	-7.278998280679746875e+13
8.114525139664806375e+01	1.654230673302414062e+13	-5.167898201738205469e+13
8.314711359404097379e+01	8.184719751231050781e+12	-3.629125441635375000e+13
8.514897579143391226e+01	3.522793184668794922e+12	-2.522700710331287109e+13
8.715083798882682231e+01	1.068383879276370361e+12	-1.737024244529763672e+13
8.915270018621976078e+01	-1.133195570122671814e+11	-1.185481568393008594e+13
9.115456238361267083e+01	-5.940036773115875244e+11	-8.023712450933680664e+12
9.315642458100560930e+01	-7.125621250087763672e+11	-5.388372140456518555e+12
9.515828677839851935e+01	-6.623871175256905518e+11	-3.591811402726695312e+12
9.716014897579145781e+01	-5.484768177246380615e+11	-2.377224295062086914e+12
9.916201117318436786e+01	-4.238827979429507446e+11	-1.562430000781045410e+12
1.011638733705773063e+02	-3.123563119724804688e+11	-1.019796062397603027e+12
1.031657355679702164e+02	-2.220015809146910706e+11	-6.609062708118790283e+11
1.051675977653631548e+02	-1.532202465577658081e+11	-4.251273684909031372e+11
1.071694599627560649e+02	-1.031331109026488800e+11	-2.712548550658025818e+11
1.091713221601490034e+02	-6.789669189963796234e+10	-1.715152878307498169e+11
1.111731843575419134e+02	-4.380874525655521393e+10	-1.073260082107639923e+11
1.131750465549348519e+02	-2.775003640159939194e+10	-6.633725004348950958e+10
1.151769087523277619e+02	-1.728605016327479935e+10	-4.039272929379016876e+10
1.171787709497206720e+02	-1.061236850190416527e+10	-2.413766522487817383e+10
1.191806331471136104e+02	-6.442630229880048752e+09	-1.407699193114418411e+10
1.211824953445065205e+02	-3.888450600050498962e+09	-7.942999662739177704e+09
1.231843575418994590e+02	-2.353002379130686283e+09	-4.273571557303196907e+09
1.251862197392923690e+02	-1.445360162633553505e+09	-2.132548141602531433e+09
1.271880819366853075e+02	-9.156294593619923592e+08	-9.253161240096093416e+08
1.291899441340782175e+02	-6.079297427340967655e+08	-2.777921442439256907e+08
1.311918063314711560e+02	-4.274818596056668162e+08	4.262275921895439178e+07
1.331936685288640660e+02	-3.182371982534607649e+08	1.784353911683859825e+08
1.351955307262570045e+02	-2.480686323579020500e+08	2.153080055659277439e+08
1.371973929236499146e+02	-1.992101133967416286e+08	2.034440551931923032e+08
1.391992551210428530e+02	-1.622391473327465355e+08	1.712474408901760876e+08
1.412011173184357631e+02	-1.323915405631519854e+08	1.339697950945242047e+08
1.432029795158287016e+02	-1.073746961310845166e+08	9.912384490765628219e+07
1.452048417132216116e+02	-8.611944439681571722e+07	6.982454836851084232e+07
1.472067039106145501e+02	-6.810265161374408007e+07	4.681407683081381023e+07
1.492085661080074601e+02	-5.300467558653000742e+07	2.965990681956591830e+07
1.512104283054003986e+02	-4.055436523464773595e+07	1.744025413864734769e+07
1.532122905027933086e+02	-3.047268869765220955e+07	9.116909944126527756e+06
1.552141527001862471e+02	-2.246356843255562335e+07	3.721647040454911068e+06
1.572160148975791572e+02	-1.622377682352568395e+07	4.349285540700155543e+05
1.592178770949720956e+02	-1.145758764920820482e+07	-1.394608823332209606e+06
1.612197392923650057e+02	-7.889700704393630847e+06	-2.260645842019783799e+06
1.632216014897579441e+02	-5.274124972380960360e+06	-2.522546375635228120e+06
1.652234636871508542e+02	-3.398774072140167002e+06	-2.432101241141335107e+06
1.672253258845437927e+02	-2.086447157580292784e+06	-2.158806809940986801e+06
1.692271880819367027e+02	-1.193180236925151898e+06	-1.811574133838494774e+06
1.712290502793296412e+02	-6.049507070773892337e+05	-1.456282281982259592e+06
1.732309124767225512e+02	-2.335629468969737063e+05	-1.129358404074948514e+06
1.752327746741154897e+02	-1.233018303812687373e+04	-8.479026660058251582e+05
1.772346368715083997e+02	1.080434482907686179e+05	-6.169790347399209859e+05
1.792364990689013382e+02	1.631531143993371807e+05	-4.346801500458114897e+05
1.812383612662942483e+02	1.780568389258710959e+05	-2.955090230932635022e+05
1.832402234636871867e+02	1.698964168888595595e+05	-1.925337854525439616e+05
1.852420856610800683e+02	1.500072519536848704e+05	-1.186806769790469552e+05
1.872439478584730068e+02	1.255726463711943215e+05	-6.744458583560583065e+04
1.892458100558659453e+02	1.008879827299135213e+05	-3.322175527499271993e+04
1.912476722532588838e+02	7.830205613774141239e+04	-1.140877860317616614e+04
1.932495344506517654e+02	5.889970837217444205e+04	1.633993862902230148e+03
1.952513966480447039e+02	4.298357662955836713e+04	8.689773940696461068e+03
1.972532588454376423e+02	3.040445104314390846e+04	1.182179956728770048e+04
1.992551210428305808e+02	2.078064390014891251e+04	1.251342407423712211e+04
2.012569832402234624e+02	1.363800261689298895e+04	1.179734027606238487e+04
2.032588454376164009e+02	8.494520172858492515e+03	1.036692770532369468e+04
2.052607076350093394e+02	4.907254922203685055e+03	8.667584821821543301e+03
2.072625698324022778e+02	2.494441323824725714e+03	6.968827146437186457e+03
2.092644320297951595e+02	9.420206542830105718e+02	5.419426408800715762e+03
2.112662942271880979e+02	1.066982451958215616e+00	4.088404261760242207e+03
2.132681564245810364e+02	-5.194979070265735572e+02	2.994672969156972613e+03
2.152700186219739749e+02	-7.620662028118860007e+02	2.127827272380766317e+03
2.172718808193668565e+02	-8.296806371547888830e+02	1.462216473401790154e+03
2.192737430167597950e+02	-7.946250419750743959e+02	9.660511263955088452e+02
2.212756052141527334e+02	-7.058505396782657044e+02	6.069547702536655152e+02
2.232774674115456719e+02	-5.951181609797588408e+02	3.550636034763152793e+02
2.252793296089385535e+02	-4.819027114409529986e+02	1.845071941884442595e+02
2.272811918063314920e+02	-3.771849117510277551e+02	7.387442669809487938e+01
2.292830540037244305e+02	-2.862944670390571673e+02	6.084262906122047454e+00
2.312849162011173689e+02	-2.109757471166069536e+02	-3.205940503939962838e+01
2.332867783985102506e+02	-1.508405079383207408e+02	-5.045012412043296024e+01
2.352886405959031890e+02	-1.043544845752514902e+02	-5.628864554962873257e+01
2.372905027932961275e+02	-6.948133580686220512e+01	-5.465619512468805397e+01
2.392923649906890660e+02	-4.408244367075982950e+01	-4.901782558871214945e+01
2.412942271880819476e+02	-2.614776345153789450e+01	-4.164260295038072712e+01
2.432960893854748861e+02	-1.391325233648483639e+01	-3.394038615117744939e+01
2.452979515828678245e+02	-5.904964216582527570e+00	-2.672265522228165224e+01
2.472998137802607062e+02	-9.382774776785812731e-01	-2.039855471824656519e+01
2.493016759776536446e+02	1.907908574369548083e+00	-1.511823616775264334e+01
2.513035381750465831e+02	3.328616690527790301e+00	-1.087480846166490522e+01
2.533054003724395216e+02	3.833305240681123216e+00	-7.574644111480784758e+00
2.553072625698324032e+02	3.784425434790296805e+00	-5.084052246183188295e+00
2.573091247672253417e+02	3.431472676059190263e+00	-3.258727935602765857e+00
2.593109869646182801e+02	2.939586836150574367e+00	-1.961017123599115397e+00
2.613128491620112186e+02	2.412693408854499566e+00	-1.068884417974526713e+00
2.633147113594041002e+02	1.911656256938435217e+00	-4.795007686894580679e-01
2.653165735567970387e+02	1.468113065264317507e+00	-1.095581774320139173e-01
2.673184357541899772e+02	1.094715506279859918e+00	1.062359180469735903e-01
2.693202979515829156e+02	7.924731858560155606e-01	2.175336749262247182e-01
2.713221601489757973e+02	5.558401662540712884e-01	2.610016145553993860e-01
2.733240223463687357e+02	3.761012639373577660e-01	2.629102406475257170e-01
2.753258845437616742e+02	2.435219803741761335e-01	2.414720232137941847e-01
2.773277467411546127e+02	1.486301735778837729e-01	2.088414897963110917e-01
2.793296089385474943e+02	8.290854845355459524e-02	1.727543694352028092e-01
2.813314711359404328e+02	3.910143571732068585e-02	1.378220874266098406e-01
2.833333333333333712e+02	1.127990198760469437e-02	1.065206628250359028e-01
2.853351955307263097e+02	-5.234912139172727581e-03	7.992346515159667875e-02
2.873370577281191913e+02	-1.402220096168607308e-02	5.822869536388648737e-02
2.893389199255121298e+02	-1.774060739632718486e-02	4.112811116508136716e-02
2.913407821229050683e+02	-1.830775587995372988e-02	2.805638381375454363e-02
2.933426443202980067e+02	-1.706411178144576560e-02	1.835279724532371676e-02
2.953445065176908884e+02	-1.491364573149435088e-02	1.136007032982126741e-02
2.973463687150838268e+02	-1.243937244118018502e-02	6.479347410228754496e-03
2.993482309124767653e+02	-9.995068179134113107e-03	3.195796523693920140e-03
3.013500931098697038e+02	-7.776017396659935452e-03	1.085541721876110517e-03
3.033519553072625854e+02	-5.872132130056956917e-03	-1.883630662668108174e-04
3.053538175046555239e+02	-4.306727901017434919e-03	-8.856373948330427707e-04
3.073556797020484623e+02	-3.063944867274459583e-03	-1.200748090349346457e-03
3.093575418994413440e+02	-2.107430341084434982e-03	-1.275109278372641959e-03
3.113594040968342824e+02	-1.392505772159982049e-03	-1.208387106352166876e-03
3.133612662942272209e+02	-8.736453675618966516e-04	-1.068371072725351817e-03
3.153631284916201594e+02	-5.087086793592422241e-04	-8.992240386181670495e-04
3.173649906890130410e+02	-2.610158445836248463e-04	-7.281275305743513436e-04
3.193668528864059795e+02	-1.000518333496064523e-04	-5.704565153673544792e-04
3.213687150837989179e+02	-1.346482408037888919e-06	-4.336809695735297345e-04
3.233705772811918564e+02	5.410044659192624804e-05	-3.202166177708317351e-04
3.253724394785847380e+02	8.060552282257324409e-05	-2.294441121303025008e-04
3.273743016759776765e+02	8.864283458579062293e-05	-1.590937229507957348e-04
3.293761638733706150e+02	8.564488809620296407e-05	-1.061605036876986326e-04
3.313780260707635534e+02	7.671137023485453835e-05	-6.748087099582640472e-05
3.333798882681564351e+02	6.520425069900571166e-05	-4.007089551447296112e-05
3.353817504655493735e+02	5.322760714587128865e-05	-2.130157385288005529e-05
3.373836126629423120e+02	4.200206381502079496e-05	-8.966894327975306696e-06
3.393854748603352505e+02	3.214894338690404106e-05	-1.285495817795493305e-06
3.413873370577281321e+02	2.390032738482486855e-05	3.135035817243472699e-06
3.433891992551210706e+02	1.725011685141218873e-05	5.351465669161986800e-06
3.453910614525140090e+02	1.205923227482934739e-05	6.143209139645026723e-06
3.473929236499069475e+02	8.126019510776240942e-06	6.068312893602524247e-06
3.493947858472998291e+02	5.231001307593130751e-06	5.513395033286868564e-06
3.513966480446927676e+02	3.163362225591984282e-06	4.736071624400918315e-06
3.533985102420857061e+02	1.734956971648439286e-06	3.899683714660155578e-06
3.554003724394786445e+02	7.861986287171199953e-07	3.100819204379436687e-06
3.574022346368715262e+02	1.869555492397273724e-07	2.390459353849280617e-06
3.594040968342644646e+02	-1.653982086701329451e-07	1.789725272413892883e-06
3.614059590316574031e+02	-3.493680647107934972e-07	1.301229934693851365e-06
3.634078212290503416e+02	-4.232633641939281072e-07	9.169898797533069438e-07
3.654096834264432232e+02	-4.291113308033387158e-07	6.237410860760471681e-07
3.674115456238361617e+02	-3.962424046511862163e-07	4.063609662337160877e-07
3.694134078212291001e+02	-3.443860196058773603e-07	2.499491291926472165e-07
3.714152700186220386e+02	-2.862232117508766347e-07	1.409840921460217071e-07
3.734171322160149202e+02	-2.294127987879481370e-07	6.786228633155886545e-08
3.754189944134078587e+02	-1.781486185863615554e-07	2.104089073452393086e-08
3.774208566108007972e+02	-1.343229647708422340e-07	-7.057105821873762027e-09
3.794227188081936788e+02	-9.837301475456479694e-08	-2.226455167398039414e-08
3.814245810055866173e+02	-6.987970540169864164e-08	-2.894362693591076200e-08
3.834264432029795557e+02	-4.797773523855802784e-08	-3.026405887568065123e-08
3.854283054003724942e+02	-3.162455046764320007e-08	-2.845947593694130524e-08
3.874301675977653758e+02	-1.976669407504768424e-08	-2.504951771158476648e-08
3.894320297951583143e+02	-1.143389984940348732e-08	-2.102421109653791792e-08
3.914338919925512528e+02	-5.784487264743253338e-09	-1.699204147137938459e-08
3.934357541899441912e+02	-2.119713445168742214e-09	-1.329547326708163740e-08
3.954376163873370729e+02	1.202758215961043821e-10	-1.009854201596271926e-08
3.974394785847300113e+02	1.370312377293562281e-09	-7.451288987406990271e-09
3.994413407821229498e+02	1.958372774160383333e-09	-5.335613416114608046e-09
4.014432029795158883e+02	2.124684573034340062e-09	-3.696720366983066156e-09
4.034450651769087699e+02	2.039833449533143646e-09	-2.463801170408296921e-09
4.054469273743017084e+02	1.820840226653751552e-09	-1.562952540267141089e-09
4.074487895716946468e+02	1.544755813284517798e-09	-9.246923000321754107e-10
4.094506517690875853e+02	1.259697964380714934e-09	-4.878360341592762285e-10
4.114525139664804669e+02	9.934947160553625852e-10	-2.010075967450954164e-10
4.134543761638734054e+02	7.602380596153121028e-10	-2.268087414216496951e-11
4.154562383612663439e+02	5.651086102313852032e-10	7.962301985793293556e-11
4.174581005586592823e+02	4.078290807901200914e-10	1.305554463482525577e-10
4.194599627560521640e+02	2.850649540602469237e-10	1.482931627104117540e-10
4.214618249534451024e+02	1.920364779529651267e-10	1.458484561253009892e-10
4.234636871508380409e+02	1.235521522691800074e-10	1.322401977536378238e-10
4.254655493482309794e+02	7.462759392537527961e-11	1.134854000013208082e-10
4.274674115456238610e+02	4.081637122504960740e-11	9.340628547597520640e-11
4.294692737430167995e+02	1.834942544417885164e-11	7.426718037038721199e-11
4.314711359404097379e+02	4.155019853142934245e-12	5.726376773431269091e-11
4.334729981378026764e+02	-4.189386733002605195e-12	4.288905820221078800e-11
4.354748603351955580e+02	-8.538632911247815770e-12	3.119927417278896378e-11
4.374767225325884965e+02	-1.027281002050897447e-11	2.200061014392852014e-11
4.394785847299814350e+02	-1.038888165169791240e-11	1.497527992405471142e-11
4.414804469273743734e+02	-9.584147906578222595e-12	9.762557226874458283e-12
4.434823091247673119e+02	-8.328406649439896677e-12	6.007702797770428301e-12
4.454841713221601367e+02	-6.923841247619132288e-12	3.388876709071569526e-12
4.474860335195530752e+02	-5.552960949633774207e-12	1.629564048629353941e-12
4.494878957169460136e+02	-4.315698629822119954e-12	5.018800013744579048e-13
4.514897579143389521e+02	-3.257201542008579406e-12	-1.755493717362069138e-13
4.534916201117318906e+02	-2.388010568852569351e-12	-5.426392491064103444e-13
4.554934823091248290e+02	-1.698271044535541065e-12	-7.041783005575123239e-13
4.574953445065177675e+02	-1.167424591121912811e-12	-7.363737055357440212e-13
4.594972067039107060e+02	-7.705733988670589817e-13	-6.929616367246064715e-13
4.614990689013035308e+02	-4.824494414901528771e-13	-6.105420885331725513e-13
4.635009310986964692e+02	-2.796983104359758549e-13	-5.130134575352473541e-13
4.655027932960894077e+02	-1.420114521172208267e-13	-4.151221611717552247e-13
4.675046554934823462e+02	-5.250562139964472344e-14	-3.252191108705105815e-13
4.695065176908752846e+02	2.356959166874806133e-15	-2.473449913754463199e-13
4.715083798882682231e+02	3.309885295341387966e-14	-1.827680795284299874e-13
4.735102420856611616e+02	4.766740474737958294e-14	-1.310867577261745309e-13
4.755121042830541001e+02	5.189681051808550873e-14	-9.099346485345604852e-14
4.775139664804469248e+02	4.994298534675559207e-14	-6.078182908993785474e-14
4.795158286778398633e+02	4.466736403500870842e-14	-3.866501745876206757e-14
4.815176908752328018e+02	3.796104506030537232e-14	-2.296056364406198703e-14
4.835195530726257402e+02	3.100912157224715923e-14	-1.218489097865059002e-14
4.855214152700186787e+02	2.449946150232821454e-14	-5.089745136762708521e-15
4.875232774674116172e+02	1.878247581618597963e-14	-6.633553572124183342e-16
4.895251396648045557e+02	1.398949705518558778e-14	1.888244186933000828e-15
4.915270018621974941e+02	1.011764471209073541e-14	3.169662742034715457e-15
4.935288640595903189e+02	7.088636279830572229e-15	3.627963524496988410e-15
4.955307262569832574e+02	4.788085970797541534e-15	3.583870570152319862e-15
4.975325884543761958e+02	3.090653432503451280e-15	3.260061980012703031e-15
4.995344506517691343e+02	1.875202915810889894e-15	2.805401873573416294e-15
5.015363128491620728e+02	1.033081125712906429e-15	2.314781151491343422e-15
5.035381750465550112e+02	4.717911700964595517e-16	1.844775318459482079e-15
5.055400372439479497e+02	1.157198572830966898e-16	1.425627572185963248e-15
5.075418994413407745e+02	-9.488471661308915863e-17	1.070178456524916299e-15
5.095437616387337130e+02	-2.058406296663996156e-16	7.803530755827112255e-16
5.115456238361266514e+02	-2.512973681261003048e-16	5.517444975764225241e-16
5.135474860335195899e+02	-2.559880378031229117e-16	3.767425099604274592e-16
5.155493482309125284e+02	-2.372777599332477154e-16	2.465738969911848833e-16
5.175512104283054668e+02	-2.069254399979790858e-16	1.525503291964237807e-16
5.195530726256984053e+02	-1.725409033235473159e-16	8.676052773993141066e-17
5.215549348230913438e+02	-1.387532548737570285e-16	4.239099515650940861e-17
5.235567970204841686e+02	-1.081214127233547357e-16	1.381288857216923277e-17
5.255586592178771070e+02	-8.182326125415119153e-17	-3.467611535385771956e-18
5.275605214152700455e+02	-6.016099996733877250e-17	-1.293038157302239415e-17
5.295623836126629840e+02	-4.291913316798221898e-17	-1.719267088251007944e-17
5.315642458100559224e+02	-2.960869061071062633e-17	-1.816568787238800055e-17
5.335661080074488609e+02	-1.962694104637056437e-17	-1.720195562849897726e-17
5.355679702048417994e+02	-1.235659821447520747e-17	-1.522559281575138405e-17
5.375698324022347379e+02	-7.223101791548525825e-18	-1.284205138377875314e-17
5.395716945996275626e+02	-3.723697864604698898e-18	-1.042682475644230703e-17
5.415735567970205011e+02	-1.438147977042500548e-18	-8.194617369245817537e-18
5.435754189944134396e+02	-2.801101581722633300e-20	-6.251596312138740502e-18
5.455772811918063780e+02	7.706195272303195970e-19	-4.633765510141956175e-18
5.475791433891993165e+02	1.157534325635074207e-18	-3.334407917395696893e-18
5.495810055865922550e+02	1.279722198138556278e-18	-2.323159580321618828e-18
5.515828677839851935e+02	1.242189224027573094e-18	-1.558808395004980126e-18
5.535847299813781319e+02	1.117546950843964248e-18	-9.974730670021573033e-19
5.555865921787709567e+02	9.540870057398879002e-19	-5.974599652657276676e-19
5.575884543761638952e+02	7.823362109348581047e-19	-3.218120711217198019e-19
5.595903165735568336e+02	6.202271995167852858e-19	-1.393322537095581759e-19
5.615921787709497721e+02	4.770727059994321565e-19	-2.466501511188550775e-20
5.635940409683427106e+02	3.565392075217426313e-19	4.214884522526977199e-20
5.655959031657356491e+02	2.588049460775280300e-19	7.636904131868509380e-20
5.675977653631285875e+02	1.820713203502936836e-19	8.933350929979413093e-20
5.695996275605214123e+02	1.235783360652456876e-19	8.921894583633415067e-20
5.716014897579143508e+02	8.025392524916253228e-20	8.173206635116447107e-20
5.736033519553072892e+02	4.910369557922798483e-20	7.070702142561473253e-20
5.756052141527002277e+02	2.742384760244095425e-20	5.860092560765681686e-20
5.776070763500931662e+02	1.289811633634765100e-20	4.688986955979972804e-20
5.796089385474861047e+02	3.621594975917923410e-21	3.637452880637073173e-20
5.816108007448790431e+02	-1.919159319454613870e-21	2.740839959141299316e-20
5.836126629422719816e+02	-4.889768083136419660e-21	2.006312772524005454e-20
5.856145251396648064e+02	-6.161949505813272481e-21	1.424483060674917124e-20
5.876163873370577448e+02	-6.368863782083336821e-21	9.773479913046780573e-21
5.896182495344506833e+02	-5.956492991796326938e-21	6.435097338952147148e-21
5.916201117318436218e+02	-5.228268265878420090e-21	4.014310399384263682e-21
5.936219739292365603e+02	-4.382015132212914134e-21	2.313008420190231907e-21
5.956238361266294987e+02	-3.539459666277313040e-21	1.159459906138688055e-21
5.976256983240224372e+02	-2.769138610814941608e-21	4.111979312196960363e-22
5.996275605214153757e+02	-2.103756879326912486e-21	-4.586696507320808878e-23
6.016294227188082004e+02	-1.553013336420094870e-21	-3.003548954076979473e-22
6.036312849162011389e+02	-1.112806057123715531e-21	-4.191793980441895518e-22
6.056331471135940774e+02	-7.716056957235252684e-22	-4.514532742215455364e-22
6.076350093109870159e+02	-5.146735603207684120e-22	-4.321479986626389865e-22
6.096368715083799543e+02	-3.266967004589448830e-22	-3.853223330809003327e-22
6.116387337057728928e+02	-1.933088373547434672e-22	-3.268538440269952370e-22
6.136405959031658313e+02	-1.018630001418889898e-22	-2.666707029945927804e-22
6.156424581005587697e+02	-4.172561971415308043e-23	-2.105158595304057331e-22
6.176443202979515945e+02	-4.280364764833537394e-24	-1.612959331372279549e-22
6.196461824953445330e+02	1.723235759648878506e-23	-1.200785778897316912e-22
6.216480446927374715e+02	2.795802544941065504e-23	-8.680585917125804114e-23
6.236499068901304099e+02	3.169958781662592032e-23	-6.078801451293375372e-23
6.256517690875233484e+02	3.118421089657693497e-23	-4.103364711488424315e-23
6.276536312849162869e+02	2.830500088311550055e-23	-2.646162124284176745e-23
6.296554934823092253e+02	2.432759265112218364e-23	-1.602926203595933046e-23
6.316573556797020501e+02	2.005883559403024360e-23	-8.802514497954222005e-24
6.336592178770949886e+02	1.597963639785379066e-23	-3.986945802964044156e-24
6.356610800744879270e+02	1.234658550074344587e-23	-9.335440242172406996e-25
6.376629422718808655e+02	9.267813360284388655e-24	8.704300515505180065e-25
6.396648044692738040e+02	6.758268424541404715e-24	1.818225175023236808e-24
6.416666666666667425e+02	4.778896413171544511e-24	2.203119313020592463e-24
6.436685288640596809e+02	3.263432754738058123e-24	2.237702989788152869e-24
6.456703910614526194e+02	2.135863402161804912e-24	2.071361507640968650e-24
6.476722532588454442e+02	1.321070335846918056e-24	1.805310511195878754e-24
6.496741154562383826e+02	7.507059047556792366e-25	1.505062109362935960e-24
6.516759776536313211e+02	3.658979670115796872e-25	1.210455453613376896e-24
6.536778398510242596e+02	1.179753598880362922e-25	9.434969478776645468e-25
6.556797020484171981e+02	-3.195642442516029278e-26	7.143019152788261637e-25
6.576815642458101365e+02	-1.140439943515241472e-25	5.254489423230880914e-25
6.596834264432030750e+02	-1.509770571049222969e-25	3.750590153880413918e-25
6.616852886405960135e+02	-1.593326083384219752e-25	2.588928627811340997e-25
6.636871508379888382e+02	-1.508469106748784434e-25	1.717230203877688912e-25
6.656890130353817767e+02	-1.335439086395960656e-25	1.081890932292095634e-25
6.676908752327747152e+02	-1.126864914573503717e-25	6.329515000010330833e-26
6.696927374301676537e+02	-9.154458200042517190e-26	3.266503392973307874e-26
6.716945996275605921e+02	-7.199298076111906018e-26	1.263820715198251730e-26
6.736964618249535306e+02	-5.496258448293561265e-26	2.651408983511921790e-28
6.756983240223464691e+02	-4.077214763062382840e-26	-6.755353925336613089e-27
6.777001862197394075e+02	-2.936634333044131141e-26	-1.016681027941026310e-26
6.797020484171322323e+02	-2.048202827163097072e-26	-1.125356701512630075e-26
6.817039106145251708e+02	-1.376032167492298913e-26	-1.093467274995552288e-26
6.837057728119181093e+02	-8.818428974802874456e-27	-9.846900602404717842e-27
6.857076350093110477e+02	-5.292295841920634340e-27	-8.414620634417901014e-27
6.877094972067039862e+02	-2.858941087758901522e-27	-6.906639239807252713e-27
6.897113594040969247e+02	-1.245400574273067018e-27	-5.481214687072060086e-27
6.917132216014898631e+02	-2.294759450317550215e-28	-4.220815703522009342e-27
6.937150837988826879e+02	3.640625798447243875e-28	-3.158219437993666981e-27
6.957169459962756264e+02	6.694381009970548811e-28	-2.295478050527626419e-27
6.977188081936685649e+02	7.865486753556465199e-28	-1.617193998813060446e-27
6.997206703910615033e+02	7.875433263174465550e-28	-1.099425839869269431e-27
7.017225325884544418e+02	7.228421880956410185e-28	-7.153808920194975425e-28
7.037243947858473803e+02	6.263710396187690226e-28	-4.388437008652547978e-28
7.057262569832403187e+02	5.199187395068403617e-28	-2.460681247332781421e-28
7.077281191806332572e+02	4.166226323858137106e-28	-1.166592702335373722e-28
7.097299813780260820e+02	3.236556503375167536e-28	-3.381124776024848219e-29
7.117318435754190205e+02	2.442305806476073169e-28	1.584776312923761171e-29
7.137337057728119589e+02	1.790522261812054244e-28	4.262890782176890240e-29
7.157355679702048974e+02	1.273420858764491204e-28	5.425336893085414226e-29
7.177374301675978359e+02	8.754161460486213360e-29	5.633877980219347779e-29
7.197392923649907743e+02	5.777801801328084913e-29	5.285115683037788203e-29
7.217411545623837128e+02	3.615686073170957554e-29	4.649685017392680091e-29
7.237430167597766513e+02	2.093068875453204338e-29	3.904664521154443807e-29
7.257448789571694761e+02	1.058183541623658602e-29	3.159484125382344190e-29
7.277467411545624145e+02	3.849043726591501504e-30	2.476112829110791291e-29
7.297486033519553530e+02	-2.797363366393418428e-31	1.884435682332720991e-29
7.317504655493482915e+02	-2.592469231727115821e-30	1.393678285160660287e-29
7.337523277467412299e+02	-3.685650969915677593e-30	1.000638017265009600e-29
7.357541899441341684e+02	-3.998228923568060522e-30	6.953909561054975476e-30
7.377560521415271069e+02	-3.843520274295435949e-30	4.650664286774863177e-30
7.397579143389200453e+02	-3.437563691367747502e-30	2.962031199524623794e-30
7.417597765363128701e+02	-2.923283551729790145e-30	1.761124186622191419e-30
7.437616387337058086e+02	-2.390351496373989752e-30	9.357953667519337731e-31
7.457635009310987471e+02	-1.890937492670587547e-30	3.914213010337993438e-31
7.477653631284916855e+02	-1.451758998147789886e-30	5.110521991744897758e-32
7.497672253258846240e+02	-1.082980075738406249e-30	-1.456188003567739131e-31
7.517690875232775625e+02	-7.845716541428269574e-31	-2.448633910909486565e-31
7.537709497206705009e+02	-5.507210203653752372e-31	-2.807681329192097932e-31
7.557728119180634394e+02	-3.727967214751794609e-31	-2.778642487932445807e-31
7.577746741154562642e+02	-2.412690736354537846e-31	-2.532268840781357463e-31
7.597765363128492027e+02	-1.468862590556062143e-31	-2.183148366931554627e-31
7.617783985102421411e+02	-8.132710653860821582e-32	-1.804706668124643433e-31
7.637802607076350796e+02	-3.749558055636708601e-32	-1.441015331413493136e-31
7.657821229050280181e+02	-9.582319579003550913e-33	-1.115845241136841527e-31
7.677839851024209565e+02	7.012199792145586646e-33	-8.394586835712883378e-32
7.697858472998138950e+02	1.582462619825169379e-32	-6.135926105423773361e-32
7.717877094972067198e+02	1.950045982508143365e-32	-4.350134203317694058e-32
7.737895716945996583e+02	1.996370972832010464e-32	-2.979582463237860792e-32
7.757914338919925967e+02	1.857094593512777283e-32	-1.957282497498567981e-32
7.777932960893855352e+02	1.624442393523025573e-32	-1.216597705812465312e-32
7.797951582867784737e+02	1.358325791479851234e-32	-6.966116792652811531e-33
7.817970204841714121e+02	1.095355135949876318e-32	-3.446345721144145488e-33
7.837988826815643506e+02	8.559248541924239856e-33	-1.169353275178216300e-33
7.858007448789572891e+02	6.495971375216627359e-33	2.155786705429859887e-34
7.878026070763501139e+02	4.790467384476150513e-33	9.811193355596614352e-34
7.898044692737430523e+02	3.428467183239898899e-33	1.333007743830084466e-33
7.918063314711359908e+02	2.373659114245440132e-33	1.421882743002277835e-33
7.938081936685289293e+02	1.580152334560989603e-33	1.354637831945405059e-33
7.958100558659218677e+02	1.000324069699568250e-33	1.204573912911711796e-33
7.978119180633148062e+02	5.894620290413809468e-34	1.019980183764707156e-33
7.998137802607077447e+02	3.082110490019428059e-34	8.310574001232565373e-34
8.018156424581006831e+02	1.235443156301215884e-34	6.552984602356406408e-34
8.038175046554935079e+02	8.786148929941531543e-36	5.015505386304809956e-34
8.058193668528864464e+02	-5.692127304860729196e-35	3.730128741633039316e-34
8.078212290502793849e+02	-8.942110065184772607e-35	2.694031012396232028e-34
8.098230912476723233e+02	-1.004205852750922229e-34	1.884834135754437755e-34
8.118249534450652618e+02	-9.832900117651325820e-35	1.270974145473923062e-34
8.138268156424582003e+02	-8.899774948806804089e-35	8.183793837359408214e-35
8.158286778398511387e+02	-7.634446384715577836e-35	4.944453217056029546e-35
8.178305400372440772e+02	-6.286352795356572839e-35	2.701210866009922620e-35
8.198324022346369020e+02	-5.003361349633310189e-35	1.207594135749600578e-35
8.218342644320298405e+02	-3.863482291434532553e-35	2.621831222246542308e-36
8.238361266294227789e+02	-2.898808517477748591e-35	-2.944884902944738189e-36
8.258379888268157174e+02	-2.112945261837354106e-35	-5.850169929487280846e-36
8.278398510242086559e+02	-1.493197183988122128e-35	-7.009380185574034958e-36
8.298417132216015943e+02	-1.018731571646248602e-35	-7.085413392883515763e-36
8.318435754189945328e+02	-6.658043144890636259e-36	-6.542735179373598955e-36
8.338454376163873576e+02	-4.109352407377342626e-36	-5.694864133249248225e-36
8.358472998137802961e+02	-2.326976451422653657e-36	-4.744122297485774879e-36
8.378491620111732345e+02	-1.125895849866219894e-36	-3.813459960290482284e-36
8.398510242085661730e+02	-3.530675677338643653e-37	-2.970947579289570459e-36
8.418528864059591115e+02	1.136102268704486712e-37	-2.248014275005427394e-36
8.438547486033520499e+02	3.684993439791096787e-37	-1.652679821206791540e-36
8.458566108007449884e+02	4.824247878994652547e-37	-1.178946300532516357e-36
8.478584729981379269e+02	5.070708637384519714e-37	-8.133078048363795078e-37
8.498603351955307517e+02	4.790712973101758334e-37	-5.391121081623950019e-37
8.518621973929236901e+02	4.235487697225700972e-37	-3.393291125226343211e-37
8.538640595903166286e+02	3.570384206651095073e-37	-1.981584951326002338e-37
8.558659217877095671e+02	2.898310149012538603e-37	-1.018252415401823994e-37
8.578677839851025055e+02	2.278111670169124438e-37	-3.884362985743822634e-38
8.598696461824954440e+02	1.738701345011872463e-37	3.520340926242843614e-41
8.618715083798883825e+02	1.289640515940427628e-37	2.204035436180816991e-38
8.638733705772813209e+02	9.288005988003573243e-38	3.266644908752148257e-38
8.658752327746741457e+02	6.476784380701732918e-38	3.597234046893875018e-38
8.678770949720670842e+02	4.349043089337496698e-38	3.486502993223039007e-38
8.698789571694600227e+02	2.784285322046197121e-38	3.135513866600820174e-38
8.718808193668529611e+02	1.667934638239625011e-38	2.677737398556073984e-38
8.738826815642458996e+02	8.980220205715257989e-39	2.197334285209784509e-38
8.758845437616388381e+02	3.880302849060398568e-39	1.743706615303791794e-38
8.778864059590317765e+02	6.734712357322296093e-40	1.342620267685276571e-38
8.798882681564247150e+02	-1.197250009634548467e-39	1.004395640867446052e-38
8.818901303538175398e+02	-2.157598244717777919e-39	7.297524083805368336e-39
8.838919925512104783e+02	-2.523429856798896917e-39	5.138739536975802676e-39
8.858938547486034167e+02	-2.522300586053886672e-39	3.491657422677640380e-39
8.878957169459963552e+02	-2.313200421461050078e-39	2.270682657034566108e-39
8.898975791433892937e+02	-2.003392461192506824e-39	1.391862790915574878e-39
8.918994413407822321e+02	-1.662096045152077280e-39	7.792641341735505922e-40
8.939013035381751706e+02	-1.331247375917489606e-39	3.679111355586563220e-40
8.959031657355679954e+02	-1.033782153293123484e-39	1.044681726009842610e-40
8.979050279329609339e+02	-7.799028992136316553e-40	-5.341317137586242707e-41
8.999068901303538723e+02	-5.717252803675785573e-40	-1.384087981641254614e-40
9.019087523277468108e+02	-4.066210527707423121e-40	-1.750610809771716353e-40
9.039106145251397493e+02	-2.795231377914691382e-40	-1.812962949606058042e-40
9.059124767225326877e+02	-1.844284909416655950e-40	-1.698059407486230900e-40
9.079143389199256262e+02	-1.153107278775917599e-40	-1.492506843385060490e-40
9.099162011173185647e+02	-6.662447718703342320e-41	-1.252780598222428791e-40
9.119180633147113895e+02	-3.354509966143380775e-41	-1.013570725789260960e-40
9.139199255121043279e+02	-1.204664221013524217e-41	-7.943906079331763249e-41
9.159217877094972664e+02	1.114657473653563207e-42	-6.046067918660216559e-41
9.179236499068902049e+02	8.469735055919936652e-42	-4.471138295906835932e-41
9.199255121042831433e+02	1.193312389920156209e-41	-3.209183472160500468e-41
9.219273743016760818e+02	1.290931090826174124e-41	-2.228970654291480386e-41
9.239292364990690203e+02	1.239699875071545245e-41	-1.489585880736415529e-41
9.259310986964619588e+02	1.108321065746452421e-41	-9.478630422324652660e-42
9.279329608938547835e+02	9.422871878799252997e-42	-5.628856710656366220e-42
9.299348230912477220e+02	7.702743728649840207e-42	-2.984360837067268764e-42
9.319366852886406605e+02	6.090891389519318260e-42	-1.240216532850221699e-42
9.339385474860335989e+02	4.674018541454243762e-42	-1.496246901642672095e-43
9.359404096834265374e+02	3.485185448489918067e-42	4.807699882781010867e-43
9.379422718808194759e+02	2.524064052454850484e-42	7.982285937163333800e-43
9.399441340782124144e+02	1.771385495103099090e-42	9.119701069298004141e-43
9.419459962756053528e+02	1.198844876307245918e-42	9.007994200988748500e-43
9.439478584729981776e+02	7.754981305613595875e-43	8.198147169166995218e-43
9.459497206703911161e+02	4.715549834544344467e-43	7.060762928874670979e-43
9.479515828677840545e+02	2.603574185760115444e-43	5.832866726179363515e-43
9.499534450651769930e+02	1.191903330821795285e-43	4.655742649778361267e-43
9.519553072625699315e+02	2.940363906938854415e-44	3.604704617842690591e-43
9.539571694599628700e+02	-2.383704745414414030e-44	2.711695237600399050e-43
9.559590316573558084e+02	-5.198215217178332489e-44	1.981723242459702741e-43
9.579608938547487469e+02	-6.360629527364477536e-44	1.404290983289721039e-43
9.599627560521416854e+02	-6.493117350090989910e-44	9.610027076227859622e-44
9.619646182495346238e+02	-6.032270610057368816e-44	6.304349080873747298e-44
9.639664804469275623e+02	-5.273439828354567207e-44	3.911319881470272158e-44
9.659683426443202734e+02	-4.408031253352453687e-44	2.233444280422696154e-44
9.679702048417132119e+02	-3.553278430100064916e-44	1.099205995589491897e-44
9.699720670391061503e+02	-2.774998482111496253e-44	3.662570684532013488e-45
9.719739292364990888e+02	-2.104448443317146780e-44	-7.916482491415976158e-46
9.739757914338920273e+02	-1.550566968750292798e-44	-3.250714993496911962e-45
9.759776536312849657e+02	-1.108743982248480944e-44	-4.376217851762407545e-45
9.779795158286779042e+02	-7.669916609548705279e-45	-4.652259643150092097e-45
9.799813780260708427e+02	-5.101429782833255452e-45	-4.423391761803581737e-45
9.819832402234637811e+02	-3.225426001371978863e-45	-3.927129907813003115e-45
9.839851024208567196e+02	-1.896101270784010830e-45	-3.320675642946110560e-45
9.859869646182496581e+02	-9.860632333370622853e-46	-2.702408207786991415e-45
9.879888268156425966e+02	-3.888348655210051465e-46	-2.128934875644221209e-45
9.899906890130355350e+02	-1.838603895137628671e-47	-1.628379652938442725e-45
9.919925512104284735e+02	1.928075684094664929e-46	-1.210444021593390547e-45
9.939944134078214120e+02	2.962876987174903053e-46	-8.737146028793440615e-46
9.959962756052143504e+02	3.302604036075672775e-46	-6.107084074544401578e-46
9.979981378026070615e+02	3.221496043384587142e-46	-4.111687907313230905e-46
1.000000000000000000e+03	2.909437795723914608e-46	-2.641016666852316890e-46
