-7.500000000000000000e+01	0.000000000000000000e+00	0.000000000000000000e+00
-7.400000000000000000e+01	2.216610287193457520e+12	2.571835072330103516e+13
-7.300000000000000000e+01	9.434016677697228516e+12	5.697799528970863281e+13
-7.200000000000000000e+01	2.241025472027244141e+13	9.403314678346631250e+13
-7.100000000000000000e+01	4.179468556468767969e+13	1.373735156924577656e+14
-7.000000000000000000e+01	6.817746203440858594e+13	1.878440381939956875e+14
-6.900000000000000000e+01	1.021675677214663750e+14	2.467583505010767500e+14
-6.800000000000000000e+01	1.444939432482286875e+14	3.159996743176260000e+14
-6.700000000000000000e+01	1.961223099703135938e+14	3.981054190392350000e+14
-6.600000000000000000e+01	2.583794605431436875e+14	4.963348982415286875e+14
-6.500000000000000000e+01	3.330770862150916875e+14	6.147226811254737500e+14
-6.400000000000000000e+01	4.226285753457795625e+14	7.581228376156652500e+14
-6.300000000000000000e+01	5.301544279479103125e+14	9.322513317835590000e+14
-6.200000000000000000e+01	6.595746600288398750e+14	1.143734820706052000e+15
-6.100000000000000000e+01	8.156894307136537500e+14	1.400174009161236250e+15
-6.000000000000000000e+01	1.004251718767257375e+15	1.710228525893150000e+15
-5.900000000000000000e+01	1.232037853574269750e+15	2.083728192972927500e+15
-5.800000000000000000e+01	1.506922810917417250e+15	2.531812833633610500e+15
-5.700000000000000000e+01	1.837967281067536000e+15	3.067099750512170000e+15
-5.600000000000000000e+01	2.235522607127144500e+15	3.703875067461904500e+15
-5.500000000000000000e+01	2.711357906937922000e+15	4.458302593139251500e+15
-5.400000000000000000e+01	3.278811270406062000e+15	5.348641986281546000e+15
-5.300000000000000000e+01	3.952964173087428500e+15	6.395466926698926000e+15
-5.200000000000000000e+01	4.750835497171406000e+15	7.621873746723379000e+15
-5.100000000000000000e+01	5.691589110477759000e+15	9.053671461427552000e+15
-5.000000000000000000e+01	6.796747066549418000e+15	1.071954516078945400e+16
-4.900000000000000000e+01	8.090399304262824000e+15	1.265118603705875400e+16
-4.800000000000000000e+01	9.599400284641148000e+15	1.488338263628660800e+16
-4.700000000000000000e+01	1.135354323959372600e+16	1.745406898369481000e+16
-4.600000000000000000e+01	1.338570346594530600e+16	2.040432583435029600e+16
-4.500000000000000000e+01	1.573194316173886400e+16	2.377833132388850000e+16
-4.400000000000000000e+01	1.843157143045732800e+16	2.762325671753441600e+16
-4.300000000000000000e+01	2.152715404818834000e+16	3.198910185536689600e+16
-4.200000000000000000e+01	2.506446822511377200e+16	3.692846342552213600e+16
-4.100000000000000000e+01	2.909239779894640800e+16	4.249622757807666400e+16
-4.000000000000000000e+01	3.366276406733404000e+16	4.874917685618716800e+16
-3.900000000000000000e+01	3.883008688238979200e+16	5.574550019127086400e+16
-3.800000000000000000e+01	4.465126985408713600e+16	6.354419396750480800e+16
-3.700000000000000000e+01	5.118520275433118400e+16	7.220434202748339200e+16
-3.600000000000000000e+01	5.849227371715735200e+16	8.178426301513932800e+16
-3.500000000000000000e+01	6.663378382069164800e+16	9.234051461930436800e+16
-3.400000000000000000e+01	7.567125730296240000e+16	1.039267460312603680e+17
-3.300000000000000000e+01	8.566564213573323200e+16	1.165923921851315360e+17
-3.200000000000000000e+01	9.667639801470248000e+16	1.303812060510531200e+17
-3.100000000000000000e+01	1.087604720023912000e+17	1.453296283887838400e+17
-3.000000000000000000e+01	1.219711659965325280e+17	1.614649980132613440e+17
-2.900000000000000000e+01	1.363569047544750080e+17	1.788036099366048960e+17
-2.800000000000000000e+01	1.519599182121202240e+17	1.973486339885053440e+17
-2.700000000000000000e+01	1.688148571075892800e+17	2.170879130050395840e+17
-2.600000000000000000e+01	1.869473662660478080e+17	2.379916677701603840e+17
-2.500000000000000000e+01	2.063726451373130240e+17	2.600101459180506560e+17
-2.400000000000000000e+01	2.270940301173042240e+17	2.830712641732864320e+17
-2.300000000000000000e+01	2.491016376338545920e+17	3.070783076398286720e+17
-2.200000000000000000e+01	2.723711107177503360e+17	3.319077660874748800e+17
-2.100000000000000000e+01	2.968625145514318720e+17	3.574074047028061440e+17
-2.000000000000000000e+01	3.225194279801886080e+17	3.833946845287867520e+17
-1.900000000000000000e+01	3.492682778241952000e+17	4.096556643267354880e+17
-1.800000000000000000e+01	3.770179606536788480e+17	4.359445289474428800e+17
-1.700000000000000000e+01	4.056597921004389760e+17	4.619838972427743360e+17
-1.600000000000000000e+01	4.350678164589166720e+17	4.874660626370324480e+17
-1.500000000000000000e+01	4.650994991005671040e+17	5.120553092808912000e+17
-1.400000000000000000e+01	4.955968111283688320e+17	5.353914241041341440e+17
-1.300000000000000000e+01	5.263877000713820160e+17	5.570944885723002240e+17
-1.200000000000000000e+01	5.572879229486791680e+17	5.767709830219911680e+17
-1.100000000000000000e+01	5.881031997680309760e+17	5.940211718895792640e+17
-1.000000000000000000e+01	6.186316278441510400e+17	6.084476622998648320e+17
-9.000000000000000000e+00	6.486662818290533120e+17	6.196649453524006400e+17
-8.000000000000000000e+00	6.779979127177731840e+17	6.273096446328464640e+17
-7.000000000000000000e+00	7.064176528646154240e+17	6.310511168761987840e+17
-6.000000000000000000e+00	7.337196343905327360e+17	6.306019829651782400e+17
-5.000000000000000000e+00	7.597034358688151040e+17	6.257281212161109760e+17
-4.000000000000000000e+00	7.841762866782301440e+17	6.162576359608147200e+17
-3.000000000000000000e+00	8.069549789099018240e+17	6.020883277425990400e+17
-2.000000000000000000e+00	8.278674614058140160e+17	5.831932393367084800e+17
-1.000000000000000000e+00	8.467541169508613120e+17	5.596239333803610880e+17
0.000000000000000000e+00	8.634687490266982400e+17	5.315112682946345600e+17
1.000000000000000000e+00	8.778793260387066880e+17	4.990635717848200320e+17
2.000000000000000000e+00	8.898685460872111360e+17	4.625622553033541120e+17
3.000000000000000000e+00	8.993342924242881280e+17	4.223550566793815040e+17
4.000000000000000000e+00	9.061900479413160960e+17	3.788472296304975360e+17
5.000000000000000000e+00	9.103653266833784320e+17	3.324911071527713920e+17
6.000000000000000000e+00	9.118061628501752320e+17	2.837745422604050880e+17
7.000000000000000000e+00	9.104756752476573440e+17	2.332087689187156800e+17
8.000000000000000000e+00	9.063547004815723520e+17	1.813162267507981760e+17
9.000000000000000000e+00	8.994424642907731200e+17	1.286188574219720960e+17
1.000000000000000000e+01	8.897572400522467840e+17	7.562731401637088000e+16
1.100000000000000000e+01	8.773369288560634880e+17	2.283143514306622000e+16
1.200000000000000000e+01	8.622394880712784640e+17	-2.930776777270979600e+16
1.300000000000000000e+01	8.445431355336154880e+17	-8.036446902828344000e+16
1.400000000000000000e+01	8.243462640321145600e+17	-1.299526949531548000e+17
1.500000000000000000e+01	8.017670145480875520e+17	-1.777293511495123520e+17
1.600000000000000000e+01	7.769424750475123200e+17	-2.233957382362630720e+17
1.700000000000000000e+01	7.500274925844757760e+17	-2.666977384168474560e+17
1.800000000000000000e+01	7.211931080210069760e+17	-3.074248895542085760e+17
1.900000000000000000e+01	6.906246429562144000e+17	-3.454085785169343360e+17
2.000000000000000000e+01	6.585194859679165440e+17	-3.805195838324593280e+17
2.100000000000000000e+01	6.250846389242590720e+17	-4.126651824903979520e+17
2.200000000000000000e+01	5.905340933196638720e+17	-4.417860108147241600e+17
2.300000000000000000e+01	5.550861111862977280e+17	-4.678528383783630720e+17
2.400000000000000000e+01	5.189604853818705920e+17	-4.908633803437248000e+17
2.500000000000000000e+01	4.823758505133788160e+17	-5.108392402145823360e+17
2.600000000000000000e+01	4.455471091790542080e+17	-5.278230439720526080e+17
2.700000000000000000e+01	4.086830294455735680e+17	-5.418757994709274240e+17
2.800000000000000000e+01	3.719840593734480640e+17	-5.530744927014228480e+17
2.900000000000000000e+01	3.356403937356821120e+17	-5.615099154448424320e+17
3.000000000000000000e+01	2.998303174932586880e+17	-5.672847069004022400e+17
3.100000000000000000e+01	2.647188405927148160e+17	-5.705115846336283520e+17
3.200000000000000000e+01	2.304566295737910080e+17	-5.713117370634694400e+17
3.300000000000000000e+01	1.971792335094464000e+17	-5.698133498958638080e+17
3.400000000000000000e+01	1.650065950151954880e+17	-5.661502415953341440e+17
3.500000000000000000e+01	1.340428314390728960e+17	-5.604605873355091840e+17
3.600000000000000000e+01	1.043762668022774080e+17	-5.528857161110437760e+17
3.700000000000000000e+01	7.607969150522465600e+16	-5.435689711473789440e+17
3.800000000000000000e+01	4.921082414758548000e+16	-5.326546288531639680e+17
3.900000000000000000e+01	2.381294795462813600e+16	-5.202868759040596480e+17
4.000000000000000000e+01	-8.430679983144578125e+13	-5.066088473535120000e+17
4.100000000000000000e+01	-2.246406336601115200e+16	-4.917617308065246080e+17
4.200000000000000000e+01	-4.332121076420368000e+16	-4.758839426676273920e+17
4.300000000000000000e+01	-6.266135539536993600e+16	-4.591103823949507840e+17
4.400000000000000000e+01	-8.049973808628179200e+16	-4.415717697516103040e+17
4.500000000000000000e+01	-9.686014044717496000e+16	-4.233940684875580800e+17
4.600000000000000000e+01	-1.117738017508941120e+17	-4.046979979724637440e+17
4.700000000000000000e+01	-1.252783645209225760e+17	-3.855986322847909760e+17
4.800000000000000000e+01	-1.374168637896595520e+17	-3.662050843594727040e+17
4.900000000000000000e+01	-1.482367717182888640e+17	-3.466202711682008960e+17
5.000000000000000000e+01	-1.577891061136588160e+17	-3.269407546509325440e+17
5.100000000000000000e+01	-1.661276084760773760e+17	-3.072566522700243200e+17
5.200000000000000000e+01	-1.733079946738043840e+17	-2.876516105988686080e+17
5.300000000000000000e+01	-1.793872792333873600e+17	-2.682028352220609280e+17
5.400000000000000000e+01	-1.844231725827192320e+17	-2.489811703261501440e+17
5.500000000000000000e+01	-1.884735493653559360e+17	-2.300512216040860800e+17
5.600000000000000000e+01	-1.915959851036119360e+17	-2.114715163972427840e+17
5.700000000000000000e+01	-1.938473579431679680e+17	-1.932946952928054400e+17
5.800000000000000000e+01	-1.952835118717172480e+17	-1.755677296465918720e+17
5.900000000000000000e+01	-1.959589775805144640e+17	-1.583321597072369600e+17
6.000000000000000000e+01	-1.959267469584615680e+17	-1.416243481978849440e+17
6.100000000000000000e+01	-1.952380970259722880e+17	-1.254757444041113760e+17
6.200000000000000000e+01	-1.939424589111429440e+17	-1.099131540659720480e+17
6.300000000000000000e+01	-1.920873272519311040e+17	-9.495901071725470400e+16
6.400000000000000000e+01	-1.897182052050737280e+17	-8.063164458106619200e+16
6.500000000000000000e+01	-1.868785800982005760e+17	-6.694554572191086400e+16
6.600000000000000000e+01	-1.836099247212926720e+17	-5.391161885134863200e+16
6.700000000000000000e+01	-1.799517193545756480e+17	-4.153742794712548800e+16
6.800000000000000000e+01	-1.759414898931660160e+17	-2.982742961913210400e+16
6.900000000000000000e+01	-1.716148578537667840e+17	-1.878319487791697600e+16
7.000000000000000000e+01	-1.670055986122397440e+17	-8.403619574042144000e+15
7.100000000000000000e+01	-1.621457048798091520e+17	1.314875767098217250e+15
7.200000000000000000e+01	-1.570654531230835840e+17	1.037815571737874800e+16
7.300000000000000000e+01	-1.517934713067956160e+17	1.879418824146547600e+16
7.400000000000000000e+01	-1.463568069299435200e+17	2.657287051377713600e+16
7.500000000000000000e+01	-1.407809947900249120e+17	3.372586146403944400e+16
7.600000000000000000e+01	-1.350901242193851520e+17	4.026642054200697600e+16
7.700000000000000000e+01	-1.293069056875643840e+17	4.620925249111877600e+16
7.800000000000000000e+01	-1.234527366711272640e+17	5.157035818104234400e+16
7.900000000000000000e+01	-1.175477665933379520e+17	5.636689172718873600e+16
8.000000000000000000e+01	-1.116109604777929600e+17	6.061702419588212000e+16
8.100000000000000000e+01	-1.056601607944131040e+17	6.433981415189359200e+16
8.200000000000000000e+01	-9.971214685054179200e+16	6.755508516542676000e+16
8.300000000000000000e+01	-9.378269103040288000e+16	7.028331018962752800e+16
8.400000000000000000e+01	-8.788661123242331200e+16	7.254550248885315200e+16
8.500000000000000000e+01	-8.203781899670836800e+16	7.436311258670564800e+16
8.600000000000000000e+01	-7.624936303710329600e+16	7.575793055095675200e+16
8.700000000000000000e+01	-7.053346816237453600e+16	7.675199286852347200e+16
8.800000000000000000e+01	-6.490156984927121600e+16	7.736749320056896000e+16
8.900000000000000000e+01	-5.936434497535160800e+16	7.762669644128657600e+16
9.000000000000000000e+01	-5.393173939577568800e+16	7.755185571358403200e+16
9.100000000000000000e+01	-4.861299313141814400e+16	7.716513218797939200e+16
9.200000000000000000e+01	-4.341666391637129600e+16	7.648851786823008000e+16
9.300000000000000000e+01	-3.835064973818371200e+16	7.554376170907286400e+16
9.400000000000000000e+01	-3.342221081575788800e+16	7.435229958490790400e+16
9.500000000000000000e+01	-2.863799123033772000e+16	7.293518869168982400e+16
9.600000000000000000e+01	-2.400404019245133600e+16	7.131304693080553600e+16
9.700000000000000000e+01	-1.952583272916448000e+16	6.950599770178228800e+16
9.800000000000000000e+01	-1.520828944192406000e+16	6.753362034234295200e+16
9.900000000000000000e+01	-1.105579493458061000e+16	6.541490623134823200e+16
1.000000000000000000e+02	-7.072214548757508000e+15	6.316822034857168000e+16
1.010000000000000000e+02	-3.260909160038303000e+15	6.081126789951048000e+16
1.020000000000000000e+02	3.752520384811503125e+14	5.836106549096661600e+16
1.030000000000000000e+02	3.833880639340216000e+15	5.583391630016490400e+16
1.040000000000000000e+02	7.113059692693426000e+15	5.324538871951435200e+16
1.050000000000000000e+02	1.021133547633630000e+16	5.061029807011681600e+16
1.060000000000000000e+02	1.312770980339121200e+16	4.794269113787416800e+16
1.070000000000000000e+02	1.586163229435592200e+16	4.525583346723872000e+16
1.080000000000000000e+02	1.841299210459338800e+16	4.256219951757954400e+16
1.090000000000000000e+02	2.078210872811978000e+16	3.987346591690355200e+16
1.100000000000000000e+02	2.296972167164950000e+16	3.720050811575637600e+16
1.110000000000000000e+02	2.497697898086985200e+16	3.455340073971079600e+16
1.120000000000000000e+02	2.680542477386966800e+16	3.194142186321250000e+16
1.130000000000000000e+02	2.845698606788329200e+16	2.937306129356602800e+16
1.140000000000000000e+02	2.993395925590831200e+16	2.685603278355916400e+16
1.150000000000000000e+02	3.123899659058750000e+16	2.439728991206110800e+16
1.160000000000000000e+02	3.237509296679828000e+16	2.200304521211359600e+16
1.170000000000000000e+02	3.334557317519661600e+16	1.967879201001391200e+16
1.180000000000000000e+02	3.415407964829278000e+16	1.742932838351440600e+16
1.190000000000000000e+02	3.480456056478840400e+16	1.525878265926254000e+16
1.200000000000000000e+02	3.530125804330140400e+16	1.317063994479862200e+16
1.210000000000000000e+02	3.564869606554250000e+16	1.116776931468059200e+16
1.220000000000000000e+02	3.585166773615613200e+16	9.252451422095822000e+15
1.230000000000000000e+02	3.591522151667893200e+16	7.426406461394558000e+15
1.240000000000000000e+02	3.584464615896136800e+16	5.690822538540177000e+15
1.250000000000000000e+02	3.564545419433514800e+16	4.046384595142111500e+15
1.260000000000000000e+02	3.532336398759916800e+16	2.493304064746079500e+15
1.270000000000000000e+02	3.488428051536160800e+16	1.031349414073782250e+15
1.280000000000000000e+02	3.433427515321408000e+16	-3.401223566634791875e+14
1.290000000000000000e+02	3.367956483711468800e+16	-1.622133296566851500e+15
1.300000000000000000e+02	3.292649099025527200e+16	-2.816051345563191500e+15
1.310000000000000000e+02	3.208149857572666800e+16	-3.923556737745471000e+15
1.320000000000000000e+02	3.115111555478884400e+16	-4.946608369761208000e+15
1.330000000000000000e+02	3.014193291555419200e+16	-5.887410593524575000e+15
1.340000000000000000e+02	2.906058530756979600e+16	-6.748380895353049000e+15
1.350000000000000000e+02	2.791373219602878000e+16	-7.532118872802260000e+15
1.360000000000000000e+02	2.670803935518296400e+16	-8.241376824177225000e+15
1.370000000000000000e+02	2.545016046895846800e+16	-8.879032139197933000e+15
1.380000000000000000e+02	2.414671860544242800e+16	-9.448061542296610000e+15
1.390000000000000000e+02	2.280428738007571200e+16	-9.951517113394372000e+15
1.400000000000000000e+02	2.142937171125214800e+16	-1.039250391338838800e+16
1.410000000000000000e+02	2.002838818635494400e+16	-1.077415898645105400e+16
1.420000000000000000e+02	1.860764517698991200e+16	-1.109963150487148800e+16
1.430000000000000000e+02	1.717332294959740200e+16	-1.137206386279192200e+16
1.440000000000000000e+02	1.573145409457371800e+16	-1.159457360350937200e+16
1.450000000000000000e+02	1.428790463160131400e+16	-1.177023616587765200e+16
1.460000000000000000e+02	1.284835613622056600e+16	-1.190206854035886400e+16
1.470000000000000000e+02	1.141828917558260600e+16	-1.199301401584678800e+16
1.480000000000000000e+02	1.000296824964591000e+16	-1.204592825873810200e+16
1.490000000000000000e+02	8.607428322933953000e+15	-1.206356698539176800e+16
1.500000000000000000e+02	7.236462919192654000e+15	-1.204857546448801600e+16
1.510000000000000000e+02	5.894613654481160000e+15	-1.200348002057049600e+16
1.520000000000000000e+02	4.586161017951365000e+15	-1.193068161445155600e+16
1.530000000000000000e+02	3.315116183050372000e+15	-1.183245146513588800e+16
1.540000000000000000e+02	2.085213647655602500e+15	-1.171092856863866200e+16
1.550000000000000000e+02	8.999045553403591250e+14	-1.156811887809707800e+16
1.560000000000000000e+02	-2.376493688783868125e+14	-1.140589585019696800e+16
1.570000000000000000e+02	-1.324581241001274250e+15	-1.122600204312769600e+16
1.580000000000000000e+02	-2.358323681066321500e+15	-1.103005147251811200e+16
1.590000000000000000e+02	-3.336612527820367000e+15	-1.081953248900373000e+16
1.600000000000000000e+02	-4.257489376009764500e+15	-1.059581102353797200e+16
1.610000000000000000e+02	-5.119302705009493000e+15	-1.036013413985458800e+16
1.620000000000000000e+02	-5.920707403614262000e+15	-1.011363392185526200e+16
1.630000000000000000e+02	-6.660662564536821000e+15	-9.857331792620746000e+15
1.640000000000000000e+02	-7.338427512612409000e+15	-9.592143400277134000e+15
1.650000000000000000e+02	-7.953556128727797000e+15	-9.318884208383954000e+15
1.660000000000000000e+02	-8.505889621986497000e+15	-9.038275895193304000e+15
1.670000000000000000e+02	-8.995547972021377000e+15	-8.750953603256790000e+15
1.680000000000000000e+02	-9.422920301782476000e+15	-8.457473999345272000e+15
1.690000000000000000e+02	-9.788654443856640000e+15	-8.158324018264366000e+15
1.700000000000000000e+02	-1.009364593153826600e+16	-7.853930087219502000e+15
1.710000000000000000e+02	-1.033902658609741600e+16	-7.544667572465016000e+15
1.720000000000000000e+02	-1.052615279492932800e+16	-7.230870165856535000e+15
1.730000000000000000e+02	-1.065659349490985600e+16	-6.912838939306241000e+15
1.740000000000000000e+02	-1.073211780494713600e+16	-6.590850838114815000e+15
1.750000000000000000e+02	-1.075468220305261200e+16	-6.265166452656694000e+15
1.760000000000000000e+02	-1.072641712408016800e+16	-5.936036990937632000e+15
1.770000000000000000e+02	-1.064961286742328000e+16	-5.603710459077064000e+15
1.780000000000000000e+02	-1.052670474689312600e+16	-5.268437129820989000e+15
1.790000000000000000e+02	-1.036025748037075800e+16	-4.930474429965194000e+15
1.800000000000000000e+02	-1.015294889374570200e+16	-4.590091399121051000e+15
1.810000000000000000e+02	-9.907553089527568000e+15	-4.247572862540454000e+15
1.820000000000000000e+02	-9.626923293122714000e+15	-3.903223422794688500e+15
1.830000000000000000e+02	-9.313974629212830000e+15	-3.557371316543055500e+15
1.840000000000000000e+02	-8.971667090948863000e+15	-3.210372114175116500e+15
1.850000000000000000e+02	-8.602988944546753000e+15	-2.862612173884476000e+15
1.860000000000000000e+02	-8.210940764977477000e+15	-2.514511709226902500e+15
1.870000000000000000e+02	-7.798520232605558000e+15	-2.166527299459855750e+15
1.880000000000000000e+02	-7.368707746505641000e+15	-1.819153670099236250e+15
1.890000000000000000e+02	-6.924452839492452000e+15	-1.472924597674264250e+15
1.900000000000000000e+02	-6.468661323499608000e+15	-1.128412843496881750e+15
1.910000000000000000e+02	-6.004183060114233000e+15	-7.862290884032266250e+14
1.920000000000000000e+02	-5.533800244228524000e+15	-4.470199133839744375e+14
1.930000000000000000e+02	-5.060216108823424000e+15	-1.114649385463674062e+14
1.940000000000000000e+02	-4.586044001385164000e+15	2.197267152371849375e+14
1.950000000000000000e+02	-4.113796839338030000e+15	5.458204488366300000e+14
1.960000000000000000e+02	-3.645877012926827000e+15	8.660604963315583750e+14
1.970000000000000000e+02	-3.184566858483133000e+15	1.179674354271684750e+15
1.980000000000000000e+02	-2.732019863495308000e+15	1.485877202819811000e+15
1.990000000000000000e+02	-2.290252780675383500e+15	1.783876251228919500e+15
2.000000000000000000e+02	-1.861138818370161250e+15	2.072875001554112250e+15
2.010000000000000000e+02	-1.446402040487192750e+15	2.352077478775135000e+15
2.020000000000000000e+02	-1.047613055790303125e+15	2.620692513768814500e+15
2.030000000000000000e+02	-6.661860121482848750e+14	2.877938181804601000e+15
2.040000000000000000e+02	-3.033768458930221250e+14	3.123046491162169500e+15
2.050000000000000000e+02	3.971732033744106250e+13	3.355268385837039000e+15
2.060000000000000000e+02	3.621577778026675000e+14	3.573879078524820000e+15
2.070000000000000000e+02	6.631629941183006250e+14	3.778183673291810000e+15
2.080000000000000000e+02	9.421066959379200000e+14	3.967522981028287000e+15
2.090000000000000000e+02	1.198515401858983750e+15	4.141279384211017500e+15
2.100000000000000000e+02	1.432065491479210750e+15	4.298882578231371000e+15
2.110000000000000000e+02	1.642579844428746000e+15	4.439815009236666500e+15
2.120000000000000000e+02	1.830024032256107750e+15	4.563616844147273000e+15
2.130000000000000000e+02	1.994502005024282500e+15	4.669890344611392000e+15
2.140000000000000000e+02	2.136251190330763250e+15	4.758303567297016000e+15
2.150000000000000000e+02	2.255636919243387000e+15	4.828593370046748000e+15
2.160000000000000000e+02	2.353146111876495000e+15	4.880567758124259000e+15
2.170000000000000000e+02	2.429380192022638500e+15	4.914107648738346000e+15
2.180000000000000000e+02	2.485047249429823000e+15	4.929168158840524000e+15
2.190000000000000000e+02	2.520953522041820500e+15	4.925779527366553000e+15
2.200000000000000000e+02	2.537994320230905000e+15	4.904047768561833000e+15
2.210000000000000000e+02	2.537144552937715000e+15	4.864155121084681000e+15
2.220000000000000000e+02	2.519449035888370000e+15	4.806360314271273000e+15
2.230000000000000000e+02	2.486012761787796000e+15	4.730998626047349000e+15
2.240000000000000000e+02	2.437991292012770000e+15	4.638481664693896000e+15
2.250000000000000000e+02	2.376581392463015000e+15	4.529296776319268000e+15
2.260000000000000000e+02	2.303011989033025000e+15	4.404005966688438000e+15
2.270000000000000000e+02	2.218535468306958750e+15	4.263244232357074500e+15
2.280000000000000000e+02	2.124419304457875500e+15	4.107717220989497000e+15
2.290000000000000000e+02	2.021937960814320250e+15	3.938198180424570000e+15
2.300000000000000000e+02	1.912364998877352500e+15	3.755524204278216000e+15
2.310000000000000000e+02	1.796965330611711000e+15	3.560591831131843000e+15
2.320000000000000000e+02	1.676987570379965250e+15	3.354352097093489000e+15
2.330000000000000000e+02	1.553656476876546500e+15	3.137805171339892000e+15
2.340000000000000000e+02	1.428165516658951000e+15	2.911994716934747000e+15
2.350000000000000000e+02	1.301669622085923500e+15	2.678002113367494000e+15
2.360000000000000000e+02	1.175278250491244250e+15	2.436940654453138500e+15
2.370000000000000000e+02	1.050048872352146625e+15	2.189949799736657750e+15
2.380000000000000000e+02	9.269810203649812500e+14	1.938189515552319000e+15
2.390000000000000000e+02	8.070110177944502500e+14	1.682834700493514000e+15
2.400000000000000000e+02	6.910074751606060000e+14	1.425069656081363250e+15
2.410000000000000000e+02	5.797676037194285000e+14	1.166082542343597750e+15
2.420000000000000000e+02	4.740143484703674375e+14	9.070597530679970000e+14
2.430000000000000000e+02	3.743942994952515625e+14	6.491801572084362500e+14
2.440000000000000000e+02	2.814763047922498750e+14	3.936091790832235625e+14
2.450000000000000000e+02	1.957506854601676250e+14	1.414927260655567812e+14
2.460000000000000000e+02	1.176289479190398125e+14	-1.060489876821085938e+14
2.470000000000000000e+02	4.744389798174303125e+13	-3.479276358833841875e+14
2.480000000000000000e+02	-1.454991444581599219e+13	-5.830928796524206250e+14
2.490000000000000000e+02	-6.817545809986871094e+13	-8.105382437539770000e+14
2.500000000000000000e+02	-1.133321922605320625e+14	-1.029306642934668750e+15
2.510000000000000000e+02	-1.499947164483215000e+14	-1.238495448674671250e+15
2.520000000000000000e+02	-1.782110424105258125e+14	-1.437261016651410500e+15
2.530000000000000000e+02	-1.981004218896213125e+14	-1.624822633309572750e+15
2.540000000000000000e+02	-2.098506677231842812e+14	-1.800465880234272000e+15
2.550000000000000000e+02	-2.137149243709639375e+14	-1.963545451336771500e+15
2.560000000000000000e+02	-2.100078740593976875e+14	-2.113487484768224500e+15
2.570000000000000000e+02	-1.991014015841469062e+14	-2.249791485192427750e+15
2.580000000000000000e+02	-1.814197785789493438e+14	-2.372031911003321500e+15
2.590000000000000000e+02	-1.574344608209902812e+14	-2.479859486122547000e+15
2.600000000000000000e+02	-1.276586148508810000e+14	-2.573002270254025500e+15
2.610000000000000000e+02	-9.264149946597390625e+13	-2.651266489704215500e+15
2.620000000000000000e+02	-5.296282231832002344e+13	-2.714537098785905000e+15
2.630000000000000000e+02	-9.227173076331279297e+12	-2.762778015052438000e+15
2.640000000000000000e+02	3.794139432708708594e+13	-2.796031954836317000e+15
2.650000000000000000e+02	8.790459210705475000e+13	-2.814419791767617000e+15
2.660000000000000000e+02	1.400149374771559375e+14	-2.818139370938039000e+15
2.670000000000000000e+02	1.936206241020345000e+14	-2.807463733715380500e+15
2.680000000000000000e+02	2.480702686971517812e+14	-2.782738739472179000e+15
2.690000000000000000e+02	3.027175810585840000e+14	-2.744380105841335000e+15
2.700000000000000000e+02	3.569259983864095000e+14	-2.692869923123061500e+15
2.710000000000000000e+02	4.100733058411908750e+14	-2.628752726000599500e+15
2.720000000000000000e+02	4.615562383584410000e+14	-2.552631222749707000e+15
2.730000000000000000e+02	5.107950286140536875e+14	-2.465161786363978000e+15
2.740000000000000000e+02	5.572378379205161875e+14	-2.367049803262280500e+15
2.750000000000000000e+02	6.003649855826653750e+14	-2.259044955371630500e+15
2.760000000000000000e+02	6.396928815221502500e+14	-2.141936484002321750e+15
2.770000000000000000e+02	6.747775687120047500e+14	-2.016548453790168250e+15
2.780000000000000000e+02	7.052177960338931250e+14	-1.883735007147822500e+15
2.790000000000000000e+02	7.306575664838520000e+14	-1.744375578729135000e+15
2.800000000000000000e+02	7.507881364973280000e+14	-1.599370028728409500e+15
2.810000000000000000e+02	7.653494748410838750e+14	-1.449633655024608750e+15
2.820000000000000000e+02	7.741312191130612500e+14	-1.296092056873461500e+15
2.830000000000000000e+02	7.769731900678142500e+14	-1.139675844795480250e+15
2.840000000000000000e+02	7.737655356802547500e+14	-9.813152187613432500e+14
2.850000000000000000e+02	7.644485767528932500e+14	-8.219344651341398750e+14
2.860000000000000000e+02	7.490124145639585000e+14	-6.624464473865050000e+14
2.870000000000000000e+02	7.274963409424551250e+14	-5.037471823291206875e+14
2.880000000000000000e+02	6.999880660106975000e+14	-3.467105997323672500e+14
2.890000000000000000e+02	6.666227531644251250e+14	-1.921835777913604375e+14
2.900000000000000000e+02	6.275818291690895000e+14	-4.098133073776632031e+13
2.910000000000000000e+02	5.830915233073017500e+14	1.061167994021064062e+14
2.920000000000000000e+02	5.334210857505112500e+14	2.483711235496419062e+14
2.930000000000000000e+02	4.788806424729290000e+14	3.850849640156206875e+14
2.940000000000000000e+02	4.198186610031695625e+14	5.156076199680011250e+14
2.950000000000000000e+02	3.566190254464328750e+14	6.393369854269930000e+14
2.960000000000000000e+02	2.896977466943405625e+14	7.557218713391881250e+14
2.970000000000000000e+02	2.194993602513002812e+14	8.642640787238342500e+14
2.980000000000000000e+02	1.464930855262794375e+14	9.645202559652875000e+14
2.990000000000000000e+02	7.116883351094434375e+13	1.056103552797440500e+15
3.000000000000000000e+02	-5.966847391564337891e+12	1.138685060169971500e+15
3.010000000000000000e+02	-8.439480523126862500e+13	1.211995003184164500e+15
3.020000000000000000e+02	-1.635872325293970312e+14	1.275823637533425500e+15
3.030000000000000000e+02	-2.430114856820162500e+14	1.330021791362986250e+15
3.040000000000000000e+02	-3.221337581356636250e+14	1.374500995772558750e+15
3.050000000000000000e+02	-4.004226131843470625e+14	1.409233158300789750e+15
3.060000000000000000e+02	-4.773524003011861250e+14	1.434249753031802000e+15
3.070000000000000000e+02	-5.524065888332157500e+14	1.449640525522958750e+15
3.080000000000000000e+02	-6.250810532918997500e+14	1.455551736823382500e+15
3.090000000000000000e+02	-6.948873355874217500e+14	1.452183994489901000e+15
3.100000000000000000e+02	-7.613558931265578750e+14	1.439789736205913250e+15
3.110000000000000000e+02	-8.240393206817210000e+14	1.418670440864380250e+15
3.120000000000000000e+02	-8.825155120174811250e+14	1.389173641670494000e+15
3.130000000000000000e+02	-9.363907082129706250e+14	1.351689806380636250e+15
3.140000000000000000e+02	-9.853023667186748750e+14	1.306649133100385000e+15
3.150000000000000000e+02	-1.028921780676812750e+15	1.254518289117164250e+15
3.160000000000000000e+02	-1.066956382778044250e+15	1.195797098663343250e+15
3.170000000000000000e+02	-1.099151681285373625e+15	1.131015166935821250e+15
3.180000000000000000e+02	-1.125292795814752000e+15	1.060728415213615000e+15
3.190000000000000000e+02	-1.145205583976590250e+15	9.855154975329516250e+14
3.200000000000000000e+02	-1.158757373485471250e+15	9.059740737495350000e+14
3.210000000000000000e+02	-1.165857334328489750e+15	8.227169261377802500e+14
3.220000000000000000e+02	-1.166456539163441000e+15	7.363679248448291250e+14
3.230000000000000000e+02	-1.160547765493478750e+15	6.475578684923303750e+14
3.240000000000000000e+02	-1.148165089885676750e+15	5.569202465277880000e+14
3.250000000000000000e+02	-1.129383313521299750e+15	4.650869862345109375e+14
3.260000000000000000e+02	-1.104317241865455125e+15	3.726842569544984375e+14
3.270000000000000000e+02	-1.073120822255372000e+15	2.803284054992375625e+14
3.280000000000000000e+02	-1.035986125109110375e+15	1.886220896904831250e+14
3.290000000000000000e+02	-9.931421404216817500e+14	9.815066260945129688e+13
3.300000000000000000e+02	-9.448533536970711250e+14	9.478840712403474609e+12
3.310000000000000000e+02	-8.914180658082272500e+14	-7.685233246684160938e+13
3.320000000000000000e+02	-8.331664295211711250e+14	-1.603282354571563438e+14
3.330000000000000000e+02	-7.704581903044197500e+14	-2.404631550953715938e+14
3.340000000000000000e+02	-7.036801382383076250e+14	-3.168025433815331250e+14
3.350000000000000000e+02	-6.332432983264341250e+14	-3.889250799431916875e+14
3.360000000000000000e+02	-5.595799050954750625e+14	-4.564445689766670000e+14
3.370000000000000000e+02	-4.831402211885893750e+14	-5.190116871422130000e+14
3.380000000000000000e+02	-4.043892666440319375e+14	-5.763155826041823750e+14
3.390000000000000000e+02	-3.238035247527813125e+14	-6.280853081924558750e+14
3.400000000000000000e+02	-2.418676821096953750e+14	-6.740910565928003750e+14
3.410000000000000000e+02	-1.590714461995580000e+14	-7.141451552350395000e+14
3.420000000000000000e+02	-7.590646600767075000e+13	-7.481027750005856250e+14
3.430000000000000000e+02	7.136637347734517578e+12	-7.758623107632233750e+14
3.440000000000000000e+02	8.957113912005948438e+13	-7.973654026385773750e+14
3.450000000000000000e+02	1.709169990198697812e+14	-8.125965830506560000e+14
3.460000000000000000e+02	2.507035940512765312e+14	-8.215825538780905000e+14
3.470000000000000000e+02	3.284724188533175000e+14	-8.243911171225222500e+14
3.480000000000000000e+02	4.037797673444348750e+14	-8.211297988806787500e+14
3.490000000000000000e+02	4.761993956402902500e+14	-8.119442175243373750e+14
3.500000000000000000e+02	5.453251499653309375e+14	-7.970162513909147500e+14
3.510000000000000000e+02	6.107735274278456250e+14	-7.765620585511453750e+14
3.520000000000000000e+02	6.721861248059615000e+14	-7.508299920857655000e+14
3.530000000000000000e+02	7.292319230939145000e+14	-7.200984405166687500e+14
3.540000000000000000e+02	7.816093547967440000e+14	-6.846736070572208750e+14
3.550000000000000000e+02	8.290481070663150000e+14	-6.448872259316797500e+14
3.560000000000000000e+02	8.713106258647930000e+14	-6.010942017751308750e+14
3.570000000000000000e+02	9.081933025958116250e+14	-5.536701511028176250e+14
3.580000000000000000e+02	9.395273425896823750e+14	-5.030088241779761875e+14
3.590000000000000000e+02	9.651793317640000000e+14	-4.495193913901656875e+14
3.600000000000000000e+02	9.850515312073661250e+14	-3.936235894987575625e+14
3.610000000000000000e+02	9.990819374598711250e+14	-3.357527379251862500e+14
3.620000000000000000e+02	1.007244147899254875e+15	-2.763446512473294688e+14
3.630000000000000000e+02	1.009547065943560750e+15	-2.158404885451285312e+14
3.640000000000000000e+02	1.006034470828997750e+15	-1.546815909114033750e+14
3.650000000000000000e+02	9.967844634255735000e+14	-9.330636355497517188e+13
3.660000000000000000e+02	9.819087853316802500e+14	-3.214725766970471875e+13
3.670000000000000000e+02	9.615519958683413750e+14	2.837210016586382031e+13
3.680000000000000000e+02	9.358904827975551250e+14	8.783959566925415625e+13
3.690000000000000000e+02	9.051312791785656250e+14	1.458571116077521875e+14
3.700000000000000000e+02	8.695106614079591250e+14	2.020428055996766562e+14
3.710000000000000000e+02	8.292925118208070000e+14	2.560331910655174688e+14
3.720000000000000000e+02	7.847664419864041250e+14	3.074850415972116250e+14
3.730000000000000000e+02	7.362456880268473750e+14	3.560771437936349375e+14
3.740000000000000000e+02	6.840648045519706250e+14	4.015119224822637500e+14
3.750000000000000000e+02	6.285771967791302500e+14	4.435169556624238750e+14
3.760000000000000000e+02	5.701525391188792500e+14	4.818463858011793750e+14
3.770000000000000000e+02	5.091741316879020000e+14	5.162822212800426875e+14
3.780000000000000000e+02	4.460362434864244375e+14	5.466355091426856875e+14
3.790000000000000000e+02	3.811414829217963125e+14	5.727473500848998750e+14
3.800000000000000000e+02	3.148982243849867500e+14	5.944897206884017500e+14
3.810000000000000000e+02	2.477181057030926250e+14	6.117660673432322500e+14
3.820000000000000000e+02	1.800135977735602500e+14	6.245116413552982500e+14
3.830000000000000000e+02	1.121956367029080156e+14	6.326935547082258750e+14
3.840000000000000000e+02	4.467130203513837500e+13	6.363105493637091250e+14
3.850000000000000000e+02	-2.215847685316233984e+13	6.353924878219480000e+14
3.860000000000000000e+02	-8.790120028470703125e+13	6.299995866957873750e+14
3.870000000000000000e+02	-1.521750694399026562e+14	6.202214262053632500e+14
3.880000000000000000e+02	-2.146112433977327812e+14	6.061757751884842500e+14
3.890000000000000000e+02	-2.748560638236980938e+14	5.880072725956057500e+14
3.900000000000000000e+02	-3.325732176862761875e+14	5.658860025105733750e+14
3.910000000000000000e+02	-3.874458000668933750e+14	5.400059913700171875e+14
3.920000000000000000e+02	-4.391782353235299375e+14	5.105836448026518750e+14
3.930000000000000000e+02	-4.874980162787840625e+14	4.778561293653407500e+14
3.940000000000000000e+02	-5.321572275868975000e+14	4.420796935104366875e+14
3.950000000000000000e+02	-5.729338300360320000e+14	4.035279142369505000e+14
3.960000000000000000e+02	-6.096326956587760000e+14	3.624898523792305625e+14
3.970000000000000000e+02	-6.420863971721451250e+14	3.192681009516605625e+14
3.980000000000000000e+02	-6.701557674091123750e+14	2.741767171499674062e+14
3.990000000000000000e+02	-6.937302532728853750e+14	2.275390384871616875e+14
4.000000000000000000e+02	-7.127280931339338750e+14	1.796853954930287812e+14
4.010000000000000000e+02	-7.270963460320806250e+14	1.309507454798131719e+14
4.020000000000000000e+02	-7.368107958823887500e+14	8.167226211445981250e+13
4.030000000000000000e+02	-7.418757451946601250e+14	3.218692228965721094e+13
4.040000000000000000e+02	-7.423237022357740000e+14	-1.717086602468583789e+13
4.050000000000000000e+02	-7.382149550061198750e+14	-6.607155397827131250e+13
4.060000000000000000e+02	-7.296370167453763750e+14	-1.141926262765486094e+14
4.070000000000000000e+02	-7.167039224685992500e+14	-1.612206365110383438e+14
4.080000000000000000e+02	-6.995553552153763750e+14	-2.068530921469773750e+14
4.090000000000000000e+02	-6.783555844935448750e+14	-2.508001897939315625e+14
4.100000000000000000e+02	-6.532922072758401250e+14	-2.927864111880319375e+14
4.110000000000000000e+02	-6.245746926604302500e+14	-3.325519966117972500e+14
4.120000000000000000e+02	-5.924327432719991250e+14	-3.698543144200966875e+14
4.130000000000000000e+02	-5.571144978107297500e+14	-4.044691428043119375e+14
4.140000000000000000e+02	-5.188846081197061250e+14	-4.361918735221403750e+14
4.150000000000000000e+02	-4.780222293994628750e+14	-4.648386382835725000e+14
4.160000000000000000e+02	-4.348189630191135625e+14	-4.902473484657484375e+14
4.170000000000000000e+02	-3.895767877408366250e+14	-5.122786296238106250e+14
4.180000000000000000e+02	-3.426060077809758750e+14	-5.308166255122966875e+14
4.190000000000000000e+02	-2.942232362566014375e+14	-5.457696432564635625e+14
4.200000000000000000e+02	-2.447494218629296875e+14	-5.570706125283810625e+14
4.210000000000000000e+02	-1.945079168458406875e+14	-5.646773369990235000e+14
4.220000000000000000e+02	-1.438225770409538125e+14	-5.685725251847626250e+14
4.230000000000000000e+02	-9.301588107548940625e+13	-5.687635987665428750e+14
4.240000000000000000e+02	-4.240705628741203906e+13	-5.652822878868830000e+14
4.250000000000000000e+02	7.689796664734957031e+12	-5.581840331196435000e+14
4.260000000000000000e+02	5.696758097277970312e+13	-5.475472212743215625e+14
4.270000000000000000e+02	1.051280737435554062e+14	-5.334722859094871875e+14
4.280000000000000000e+02	1.518837705268577812e+14	-5.160807029729949375e+14
4.290000000000000000e+02	1.969596777858998750e+14	-4.955139076180837500e+14
4.300000000000000000e+02	2.400950215421036562e+14	-4.719321508447625625e+14
4.310000000000000000e+02	2.810448389420545625e+14	-4.455133055369505625e+14
4.320000000000000000e+02	3.195814220801957500e+14	-4.164516223044787500e+14
4.330000000000000000e+02	3.554955897161227500e+14	-3.849564278753761875e+14
4.340000000000000000e+02	3.885977716083096875e+14	-3.512507539242164375e+14
4.350000000000000000e+02	4.187189006718063750e+14	-3.155698829911574375e+14
4.360000000000000000e+02	4.457111184761429375e+14	-2.781598007585123125e+14
4.370000000000000000e+02	4.694483082038865000e+14	-2.392755499849203750e+14
4.380000000000000000e+02	4.898264748610836250e+14	-1.991794898688232812e+14
4.390000000000000000e+02	5.067639945321020000e+14	-1.581394741459307812e+14
4.400000000000000000e+02	5.202017526718565625e+14	-1.164269702767548906e+14
4.410000000000000000e+02	5.301031863142991875e+14	-7.431514919316293750e+13
4.420000000000000000e+02	5.364542376634233750e+14	-3.207697911168113672e+13
4.430000000000000000e+02	5.392632181956543750e+14	1.001664274844868164e+13
4.440000000000000000e+02	5.385605746434296250e+14	5.169869011870678125e+13
4.450000000000000000e+02	5.343985424357982500e+14	9.270771548115681250e+13
4.460000000000000000e+02	5.268506693889420625e+14	1.327894506135381719e+14
4.470000000000000000e+02	5.160111932071466250e+14	1.716982942474944062e+14
4.480000000000000000e+02	5.019942606240126250e+14	2.091986899480748750e+14
4.490000000000000000e+02	4.849329831621760000e+14	2.450664040055161562e+14
4.500000000000000000e+02	4.649783334285388125e+14	2.790897167858775625e+14
4.510000000000000000e+02	4.422978952181830625e+14	3.110705411557714375e+14
4.520000000000000000e+02	4.170744890413870000e+14	3.408254783965253750e+14
4.530000000000000000e+02	3.895047007561916250e+14	3.681868161235453750e+14
4.540000000000000000e+02	3.597973438999916875e+14	3.930034652310359375e+14
4.550000000000000000e+02	3.281718856970980625e+14	4.151418251436130000e+14
4.560000000000000000e+02	2.948568627708900625e+14	4.344865600541133125e+14
4.570000000000000000e+02	2.600883060322903438e+14	4.509412645420061250e+14
4.580000000000000000e+02	2.241081861774718750e+14	4.644289957922110625e+14
4.590000000000000000e+02	1.871628830494352500e+14	4.748926518498676250e+14
4.600000000000000000e+02	1.495016751382659062e+14	4.822951806805353125e+14
4.610000000000000000e+02	1.113752408302441562e+14	4.866196124827044375e+14
4.620000000000000000e+02	7.303416138390760938e+13	4.878689165744321875e+14
4.630000000000000000e+02	3.472741721850805078e+13	4.860656929204867500e+14
4.640000000000000000e+02	-3.299126383447177246e+12	4.812517156876614375e+14
4.650000000000000000e+02	-4.080424144032943750e+13	4.734873510641881875e+14
4.660000000000000000e+02	-7.755285701132301562e+13	4.628508733142183750e+14
4.670000000000000000e+02	-1.133175589922590625e+14	4.494377015278967500e+14
4.680000000000000000e+02	-1.478800467943690625e+14	4.333595751613475000e+14
4.690000000000000000e+02	-1.810325206264409375e+14	4.147436800808240000e+14
4.700000000000000000e+02	-2.125789730939971875e+14	3.937317295826778125e+14
4.710000000000000000e+02	-2.423363619723397812e+14	3.704789980257686875e+14
4.720000000000000000e+02	-2.701356468490052188e+14	3.451532994659555000e+14
4.730000000000000000e+02	-2.958226799843358750e+14	3.179339009247056250e+14
4.740000000000000000e+02	-3.192589500471341250e+14	2.890103601332953750e+14
4.750000000000000000e+02	-3.403221850978554375e+14	2.585812807535460625e+14
4.760000000000000000e+02	-3.589068271813763750e+14	2.268529836810925000e+14
4.770000000000000000e+02	-3.749243943177574375e+14	1.940381001842944688e+14
4.780000000000000000e+02	-3.883037461328269375e+14	1.603541001692749062e+14
4.790000000000000000e+02	-3.989912669288929375e+14	1.260217755787767344e+14
4.800000000000000000e+02	-4.069509752061228125e+14	9.126370375763054688e+13
4.810000000000000000e+02	-4.121645624274682500e+14	5.630271778907139062e+13
4.820000000000000000e+02	-4.146313573138140625e+14	2.136040999270507812e+13
4.830000000000000000e+02	-4.143682063321396875e+14	-1.334430887553227930e+13
4.840000000000000000e+02	-4.114092573086707500e+14	-4.759657807135775781e+13
4.850000000000000000e+02	-4.058056319501310625e+14	-8.118687349314195312e+13
4.860000000000000000e+02	-3.976249747471633750e+14	-1.139122103757055156e+14
4.870000000000000000e+02	-3.869508700549740000e+14	-1.455772662907538125e+14
4.880000000000000000e+02	-3.738821254581850000e+14	-1.759954331211631875e+14
4.890000000000000000e+02	-3.585319268704804375e+14	-2.049898085315122812e+14
4.900000000000000000e+02	-3.410268780730915000e+14	-2.323941365470520625e+14
4.910000000000000000e+02	-3.215059434597950625e+14	-2.580537034368356875e+14
4.920000000000000000e+02	-3.001193167286388750e+14	-2.818261898415721875e+14
4.930000000000000000e+02	-2.770272395837417500e+14	-3.035824739551864375e+14
4.940000000000000000e+02	-2.523987930541277812e+14	-3.232073746581341250e+14
4.950000000000000000e+02	-2.264106801152076562e+14	-3.406003188617403750e+14
4.960000000000000000e+02	-1.992460126143357812e+14	-3.556759147918857500e+14
4.970000000000000000e+02	-1.710931090267289688e+14	-3.683644130032984375e+14
4.980000000000000000e+02	-1.421443033819965312e+14	-3.786120396338147500e+14
4.990000000000000000e+02	-1.125947608170585156e+14	-3.863811914119257500e+14
5.000000000000000000e+02	-8.264129240953198438e+13	-3.916504884854036875e+14
5.010000000000000000e+02	-5.248116165283180469e+13	-3.944146882650143125e+14
5.020000000000000000e+02	-2.231087715673358203e+13	-3.946844701140544375e+14
5.030000000000000000e+02	7.675029514598162109e+12	-3.924861058905601250e+14
5.040000000000000000e+02	3.728523627471879688e+13	-3.878610343388042500e+14
5.050000000000000000e+02	6.633286256400298438e+13	-3.808653577647256875e+14
5.060000000000000000e+02	9.463668495040526562e+13	-3.715692773647246250e+14
5.070000000000000000e+02	1.220223163718400312e+14	-3.600564794590228750e+14
5.080000000000000000e+02	1.483233274931230312e+14	-3.464234794821905000e+14
5.090000000000000000e+02	1.733822895586054688e+14	-3.307789248713031250e+14
5.100000000000000000e+02	1.970517214451327812e+14	-3.132428529668657500e+14
5.110000000000000000e+02	2.191949288635307500e+14	-2.939458965751865625e+14
5.120000000000000000e+02	2.396867300243012188e+14	-2.730284285359615000e+14
5.130000000000000000e+02	2.584140686091510000e+14	-2.506396377342562812e+14
5.140000000000000000e+02	2.752765205980761562e+14	-2.269365323320738438e+14
5.150000000000000000e+02	2.901867055621863125e+14	-2.020828710427615312e+14
5.160000000000000000e+02	3.030706148945156250e+14	-1.762480292247504375e+14
5.170000000000000000e+02	3.138678689285306250e+14	-1.496058124776962812e+14
5.180000000000000000e+02	3.225319121904898750e+14	-1.223332353432477188e+14
5.190000000000000000e+02	3.290301517026864375e+14	-9.460928586735331250e+13
5.200000000000000000e+02	3.333440381126321250e+14	-6.661369768153284375e+13
5.210000000000000000e+02	3.354690844028015625e+14	-3.852574978129630469e+13
5.220000000000000000e+02	3.354148129397781875e+14	-1.052311057513392969e+13
5.230000000000000000e+02	3.332046193751265000e+14	1.721926236346269531e+13
5.240000000000000000e+02	3.288755418437936250e+14	4.453016126104478906e+13
5.250000000000000000e+02	3.224779260886487500e+14	7.124310588623451562e+13
5.260000000000000000e+02	3.140749812724810000e+14	9.719726468283373438e+13
5.270000000000000000e+02	3.037422267054577500e+14	1.222383266954973906e+14
5.280000000000000000e+02	2.915668356870559375e+14	1.462193323287440000e+14
5.290000000000000000e+02	2.776468882302855938e+14	1.690014694477894375e+14
5.300000000000000000e+02	2.620905487664021875e+14	1.904548379595275625e+14
5.310000000000000000e+02	2.450151873889960312e+14	2.104591814363565000e+14
5.320000000000000000e+02	2.265464634606783125e+14	2.289045793889901875e+14
5.330000000000000000e+02	2.068173885008043125e+14	2.456920893376333750e+14
5.340000000000000000e+02	1.859673815713710625e+14	2.607343246663885625e+14
5.350000000000000000e+02	1.641413255337730000e+14	2.739559529502856875e+14
5.360000000000000000e+02	1.414886273865908750e+14	2.852941002867481875e+14
5.370000000000000000e+02	1.181622812748014844e+14	2.946986500644880625e+14
5.380000000000000000e+02	9.431792944057942188e+13	3.021324291513058750e+14
5.390000000000000000e+02	7.011291489593447656e+13	3.075712800044703125e+14
5.400000000000000000e+02	4.570532015968516406e+13	3.110040228790995625e+14
5.410000000000000000e+02	2.125298889543409375e+13	3.124323172912413750e+14
5.420000000000000000e+02	-3.087468724980136230e+12	3.118704354631771250e+14
5.430000000000000000e+02	-2.716168130870880859e+13	3.093449621539295000e+14
5.440000000000000000e+02	-5.081852175711204688e+13	3.048944348835615000e+14
5.450000000000000000e+02	-7.391109859685367188e+13	2.985689362561531250e+14
5.460000000000000000e+02	-9.629771620903840625e+13	2.904296463385928125e+14
5.470000000000000000e+02	-1.178427864480728125e+14	2.805483585513659062e+14
5.480000000000000000e+02	-1.384176755877857969e+14	2.690069580748990625e+14
5.490000000000000000e+02	-1.579014738088154688e+14	2.558968581513785312e+14
5.500000000000000000e+02	-1.761816790520700312e+14	2.413183875004026250e+14
5.510000000000000000e+02	-1.931547923049602812e+14	2.253801217516341875e+14
5.520000000000000000e+02	-2.087268264654921250e+14	2.081981534042029375e+14
5.530000000000000000e+02	-2.228137350878144375e+14	1.898952981087639688e+14
5.540000000000000000e+02	-2.353417699550257812e+14	1.706002395161878438e+14
5.550000000000000000e+02	-2.462477772089908438e+14	1.504466198408548125e+14
5.560000000000000000e+02	-2.554794406573183750e+14	1.295720878683285469e+14
5.570000000000000000e+02	-2.629954781478784688e+14	1.081173196735617344e+14
5.580000000000000000e+02	-2.687657930850454375e+14	8.622502925491456250e+13
5.590000000000000000e+02	-2.727715789636747188e+14	6.403898633849657812e+13
5.600000000000000000e+02	-2.750053709751209062e+14	4.170305677774731250e+13
5.610000000000000000e+02	-2.754710359828888125e+14	1.936027757470131250e+13
5.620000000000000000e+02	-2.741836909809468438e+14	-2.848025862755694336e+12
5.630000000000000000e+02	-2.711695407804873125e+14	-2.478307733083782031e+13
5.640000000000000000e+02	-2.664656280667343750e+14	-4.630944368848196094e+13
5.650000000000000000e+02	-2.601194927841338438e+14	-6.729578952466755469e+13
5.660000000000000000e+02	-2.521887424743820000e+14	-8.761559880344095312e+13
5.670000000000000000e+02	-2.427405400005916562e+14	-1.071478694891565469e+14
5.680000000000000000e+02	-2.318510193169067188e+14	-1.257777853013255625e+14
5.690000000000000000e+02	-2.196046429588211562e+14	-1.433973655739960625e+14
5.700000000000000000e+02	-2.060935163068421250e+14	-1.599060902783183750e+14
5.710000000000000000e+02	-1.914166732525090312e+14	-1.752114933057730312e+14
5.720000000000000000e+02	-1.756793457977806250e+14	-1.892297138032994375e+14
5.730000000000000000e+02	-1.589922267385073125e+14	-2.018859932889550000e+14
5.740000000000000000e+02	-1.414707305110399375e+14	-2.131151058407290312e+14
5.750000000000000000e+02	-1.232342532096956406e+14	-2.228617099585709375e+14
5.760000000000000000e+02	-1.044054293908828906e+14	-2.310806135847903125e+14
5.770000000000000000e+02	-8.510938112373437500e+13	-2.377369478116785625e+14
5.780000000000000000e+02	-6.547295417198685938e+13	-2.428062494055365312e+14
5.790000000000000000e+02	-4.562393727716200000e+13	-2.462744567473075000e+14
5.800000000000000000e+02	-2.569026306306162500e+13	-2.481378274737265312e+14
5.810000000000000000e+02	-5.799192659724278320e+12	-2.484027884749859062e+14
5.820000000000000000e+02	1.392350985238238477e+13	-2.470857296583568438e+14
5.830000000000000000e+02	3.335440332128596484e+13	-2.442127519788898125e+14
5.840000000000000000e+02	5.237318298859889844e+13	-2.398193778934849375e+14
5.850000000000000000e+02	7.086346728407926562e+13	-2.339502290665772500e+14
5.860000000000000000e+02	8.871354379730050000e+13	-2.266586724501061250e+14
5.870000000000000000e+02	1.058170620039519688e+14	-2.180064324347896562e+14
5.880000000000000000e+02	1.220736634214189844e+14	-2.080631642261470000e+14
5.890000000000000000e+02	1.373895438588087969e+14	-1.969059823863897812e+14
5.900000000000000000e+02	1.516779466998340000e+14	-1.846189388271281875e+14
5.910000000000000000e+02	1.648595900657815312e+14	-1.712924464039998125e+14
5.920000000000000000e+02	1.768630336712512812e+14	-1.570226473681731250e+14
5.930000000000000000e+02	1.876249927898344688e+14	-1.419107297844670625e+14
5.940000000000000000e+02	1.970906067996832812e+14	-1.260621990234749531e+14
5.950000000000000000e+02	2.052136683443621250e+14	-1.095861149460231094e+14
5.960000000000000000e+02	2.119568165286312188e+14	-9.259430787360739062e+13
5.970000000000000000e+02	2.172916942671225312e+14	-7.520058749824423438e+13
5.980000000000000000e+02	2.211990665181244688e+14	-5.751995837808448438e+13
5.990000000000000000e+02	2.236688932741433438e+14	-3.966785369099941406e+13
6.000000000000000000e+02	2.247003493630862188e+14	-2.175939580899857422e+13
6.010000000000000000e+02	2.243017826811265625e+14	-3.908688519991486816e+12
6.020000000000000000e+02	2.224906035436178750e+14	1.377185803995608789e+13
6.030000000000000000e+02	2.192931002712892188e+14	3.117217187705908203e+13
6.040000000000000000e+02	2.147441795708640625e+14	4.818513732371934375e+13
6.050000000000000000e+02	2.088870342051861875e+14	6.470719195458470312e+13
6.060000000000000000e+02	2.017727442835127188e+14	8.063890658990731250e+13
6.070000000000000000e+02	1.934598216631836250e+14	9.588555076446942188e+13
6.080000000000000000e+02	1.840137089768179688e+14	1.103576431398666719e+14
6.090000000000000000e+02	1.735062454082075312e+14	1.239714830327827344e+14
6.100000000000000000e+02	1.620151104873154375e+14	1.366496561042535469e+14
6.110000000000000000e+02	1.496232550465063750e+14	1.483215048549099688e+14
6.120000000000000000e+02	1.364183254637863281e+14	1.589235533275964062e+14
6.130000000000000000e+02	1.224920839380866406e+14	1.683998755704391562e+14
6.140000000000000000e+02	1.079398243699850781e+14	1.767023989721006562e+14
6.150000000000000000e+02	9.285978098842423438e+13	1.837911363312203125e+14
6.160000000000000000e+02	7.735252557029232812e+13	1.896343440583611875e+14
6.170000000000000000e+02	6.152034915256123438e+13	1.942086077026337812e+14
6.180000000000000000e+02	4.546662551851962500e+13	1.974988594818534688e+14
6.190000000000000000e+02	2.929515621353867578e+13	1.994983351651665312e+14
6.200000000000000000e+02	1.310949999561364258e+13	2.002084791382496562e+14
6.210000000000000000e+02	-2.987707074068017578e+12	1.996388065969109688e+14
6.220000000000000000e+02	-1.889543179392147656e+13	1.978067306108356250e+14
6.230000000000000000e+02	-3.451491311164214062e+13	1.947373595332230000e+14
6.240000000000000000e+02	-4.975030861458437500e+13	1.904632673300563125e+14
6.250000000000000000e+02	-6.450930685626217969e+13	1.850242363877047188e+14
6.260000000000000000e+02	-7.870369599957809375e+13	1.784669697633218438e+14
6.270000000000000000e+02	-9.224988210423060938e+13	1.708447681270236562e+14
6.280000000000000000e+02	-1.050693537955476250e+14	1.622171661161954688e+14
6.290000000000000000e+02	-1.170890935018012969e+14	1.526495235901988438e+14
6.300000000000000000e+02	-1.282419384150337500e+14	1.422125692333082188e+14
6.310000000000000000e+02	-1.384668963801889375e+14	1.309818968044836406e+14
6.320000000000000000e+02	-1.477094227677170938e+14	1.190374176290420312e+14
6.330000000000000000e+02	-1.559216639535497188e+14	1.064627761523258281e+14
6.340000000000000000e+02	-1.630626714452608438e+14	9.334473802496384375e+13
6.350000000000000000e+02	-1.690985882691815312e+14	7.977256185367814062e+13
6.360000000000000000e+02	-1.740028064188554062e+14	6.583736618110887500e+13
6.370000000000000000e+02	-1.777560914685966250e+14	5.163150240215534375e+13
6.380000000000000000e+02	-1.803466683612547500e+14	3.724794233729463281e+13
6.390000000000000000e+02	-1.817702612683254688e+14	2.277968639788664453e+13
6.400000000000000000e+02	-1.820300805113141875e+14	8.319195149907521484e+12
6.410000000000000000e+02	-1.811367508459631562e+14	-6.042155886421074219e+12
6.420000000000000000e+02	-1.791081777663613438e+14	-2.021460070443733594e+13
6.430000000000000000e+02	-1.759693515360907188e+14	-3.411049040367797656e+13
6.440000000000000000e+02	-1.717520919394690312e+14	-4.764478794035062500e+13
6.450000000000000000e+02	-1.664947397730261562e+14	-6.073555307025222656e+13
6.460000000000000000e+02	-1.602418034155972812e+14	-7.330441854429835938e+13
6.470000000000000000e+02	-1.530435700918754688e+14	-8.527705602360487500e+13
6.480000000000000000e+02	-1.449556915156217188e+14	-9.658362742587368750e+13
6.490000000000000000e+02	-1.360387524960863906e+14	-1.071592149789786406e+14
6.500000000000000000e+02	-1.263578290329485625e+14	-1.169442215681182812e+14
6.510000000000000000e+02	-1.159820397796198750e+14	-1.258847323236188438e+14
6.520000000000000000e+02	-1.049840919790832500e+14	-1.339328289397319375e+14
6.530000000000000000e+02	-9.343982054123500000e+13	-1.410468498811993125e+14
6.540000000000000000e+02	-8.142771724349410938e+13	-1.471915921841708438e+14
6.550000000000000000e+02	-6.902844637640748438e+13	-1.523384536111815938e+14
6.560000000000000000e+02	-5.632434362939620312e+13	-1.564655170189104688e+14
6.570000000000000000e+02	-4.339889653675503906e+13	-1.595575814820357500e+14
6.580000000000000000e+02	-3.033620712529810938e+13	-1.616061465980408125e+14
6.590000000000000000e+02	-1.722044013718551172e+13	-1.626093572213428125e+14
6.600000000000000000e+02	-4.135262892603847656e+12	-1.625719155592483125e+14
6.610000000000000000e+02	8.836714937205812500e+12	-1.615049662104848125e+14
6.620000000000000000e+02	2.161449202021489062e+13	-1.594259576090165938e+14
6.630000000000000000e+02	3.411920661143055469e+13	-1.563584808417379688e+14
6.640000000000000000e+02	4.627463930228883594e+13	-1.523320843845370312e+14
6.650000000000000000e+02	5.800768006649146094e+13	-1.473820613761179688e+14
6.660000000000000000e+02	6.924875496238768750e+13	-1.415492049649091875e+14
6.670000000000000000e+02	7.993221073428498438e+13	-1.348795272218105156e+14
6.680000000000000000e+02	8.999665831151667188e+13	-1.274239381377275156e+14
6.690000000000000000e+02	9.938527841853367188e+13	-1.192378831709581719e+14
6.700000000000000000e+02	1.080460938591741719e+14	-1.103809403763458125e+14
6.710000000000000000e+02	1.159322133460214688e+14	-1.009163809356347812e+14
6.720000000000000000e+02	1.230020510059473125e+14	-9.091069948180812500e+13
6.730000000000000000e+02	1.292195240714137500e+14	-8.043312257016451562e+13
6.740000000000000000e+02	1.345542290721891094e+14	-6.955510469658085156e+13
6.750000000000000000e+02	1.389815944732083750e+14	-5.834982124750685156e+13
6.760000000000000000e+02	1.424830055857153750e+14	-4.689166670635462500e+13
6.770000000000000000e+02	1.450458960908464062e+14	-3.525576452274980469e+13
6.780000000000000000e+02	1.466637999318288438e+14	-2.351749259478986719e+13
6.790000000000000000e+02	1.473363577778749688e+14	-1.175202572151846289e+13
6.800000000000000000e+02	1.470692736958350625e+14	-3.389407029184235001e+10
6.810000000000000000e+02	1.458742198805657812e+14	1.156344496360319336e+13
6.820000000000000000e+02	1.437686899617199062e+14	2.296802489588214844e+13
6.830000000000000000e+02	1.407758041216280938e+14	3.410978144754872656e+13
6.840000000000000000e+02	1.369240716186412031e+14	4.492095897838034375e+13
6.850000000000000000e+02	1.322471179653035469e+14	5.533651214904590625e+13
6.860000000000000000e+02	1.267833847292330312e+14	6.529450062043591406e+13
6.870000000000000000e+02	1.205758096270044531e+14	7.473647232841793750e+13
6.880000000000000000e+02	1.136714933514388281e+14	8.360782900610768750e+13
6.890000000000000000e+02	1.061213576426538438e+14	9.185816649038418750e+13
6.900000000000000000e+02	9.797979682431184375e+13	9.944158215153759375e+13
6.910000000000000000e+02	8.930432277270925000e+13	1.063169425788424688e+14
6.920000000000000000e+02	8.015520144997520312e+13	1.124481063346816562e+14
6.930000000000000000e+02	7.059507802211231250e+13	1.178040989080001562e+14
6.940000000000000000e+02	6.068858738323665625e+13	1.223592396061710156e+14
6.950000000000000000e+02	5.050194765217721094e+13	1.260932226313569219e+14
6.960000000000000000e+02	4.010253577332139062e+13	1.289911566218492500e+14
6.970000000000000000e+02	2.955844648214962891e+13	1.310435682096206406e+14
6.980000000000000000e+02	1.893803823726885547e+13	1.322463754877196562e+14
6.990000000000000000e+02	8.309471890750924805e+12	1.326008366823247812e+14
7.000000000000000000e+02	-2.259750488491027344e+12	1.321134779237282344e+14
7.010000000000000000e+02	-1.270323837748760547e+13	1.307960020759345312e+14
7.020000000000000000e+02	-2.295614897878569141e+13	1.286651784669906406e+14
7.030000000000000000e+02	-3.295559966617611719e+13	1.257427114382913906e+14
7.040000000000000000e+02	-4.264105133378968750e+13	1.220550842415578438e+14
7.050000000000000000e+02	-5.195465956337134375e+13	1.176333742065282812e+14
7.060000000000000000e+02	-6.084159293756987500e+13	1.125130353992082344e+14
7.070000000000000000e+02	-6.925032000434893750e+13	1.067336461591506719e+14
7.080000000000000000e+02	-7.713286801114117188e+13	1.003386207708922188e+14
7.090000000000000000e+02	-8.444505734517854688e+13	9.337488680182332812e+13
7.100000000000000000e+02	-9.114671553909729688e+13	8.589253197254728125e+13
7.110000000000000000e+02	-9.720187377646460938e+13	7.794442645392878125e+13
7.120000000000000000e+02	-1.025789472464172969e+14	6.958582789569971875e+13
7.130000000000000000e+02	-1.072508987428745000e+14	6.087397707323053125e+13
7.140000000000000000e+02	-1.111953829324921250e+14	5.186769171434099219e+13
7.150000000000000000e+02	-1.143948670776849062e+14	4.262696490454532812e+13
7.160000000000000000e+02	-1.168367229909900625e+14	3.321257266758042969e+13
7.170000000000000000e+02	-1.185132848047290000e+14	2.368569317853358594e+13
7.180000000000000000e+02	-1.194218678210599219e+14	1.410753793916150781e+13
7.190000000000000000e+02	-1.195647451751508281e+14	4.538993471576157227e+12
7.200000000000000000e+02	-1.189490810842067344e+14	-4.959729052988023438e+12
7.210000000000000000e+02	-1.175868217614371406e+14	-1.432943916707185156e+13
7.220000000000000000e+02	-1.154945472993661250e+14	-2.351230984823704688e+13
7.230000000000000000e+02	-1.126932896387551562e+14	-3.245221880366688281e+13
7.240000000000000000e+02	-1.092083228741603438e+14	-4.109508768332718750e+13
7.250000000000000000e+02	-1.050689324518362188e+14	-4.938921662666905469e+13
7.260000000000000000e+02	-1.003081692718875156e+14	-5.728560969836801562e+13
7.270000000000000000e+02	-9.496259343198932812e+13	-6.473828536867397656e+13
7.280000000000000000e+02	-8.907201057830506250e+13	-7.170456548842267188e+13
7.290000000000000000e+02	-8.267920187084167188e+13	-7.814533632919292188e+13
7.300000000000000000e+02	-7.582964676167931250e+13	-8.402527620323520312e+13
7.310000000000000000e+02	-6.857123643235529688e+13	-8.931304581082685938e+13
7.320000000000000000e+02	-6.095397506956232812e+13	-9.398143954019120312e+13
7.330000000000000000e+02	-5.302966628933237500e+13	-9.800749815316251562e+13
7.340000000000000000e+02	-4.485158292948654688e+13	-1.013725852966571406e+14
7.350000000000000000e+02	-3.647411997034664062e+13	-1.040624317896538125e+14
7.360000000000000000e+02	-2.795243226316758594e+13	-1.060671524351953281e+14
7.370000000000000000e+02	-1.934206073135416797e+13	-1.073812401012299531e+14
7.380000000000000000e+02	-1.069855243774670703e+13	-1.080035410386647344e+14
7.390000000000000000e+02	-2.077081100755309814e+12	-1.079372140198498750e+14
7.400000000000000000e+02	6.467924900888507812e+12	-1.071896741430941250e+14
7.410000000000000000e+02	1.488314034600896680e+13	-1.057725203704133125e+14
7.420000000000000000e+02	2.311668122754623438e+13	-1.037014443615108906e+14
7.430000000000000000e+02	3.111841914833825391e+13	-1.009961172039640312e+14
7.440000000000000000e+02	3.884027015598396875e+13	-9.768005039362126562e+13
7.450000000000000000e+02	4.623645811871134375e+13	-9.378042794716565625e+13
7.460000000000000000e+02	5.326375444073078125e+13	-8.932790776012125000e+13
7.470000000000000000e+02	5.988169705188079688e+13	-8.435639207260842188e+13
7.480000000000000000e+02	6.605279202217711719e+13	-7.890276890220420312e+13
7.490000000000000000e+02	7.174270080633809375e+13	-7.300662823873373438e+13
7.500000000000000000e+02	7.692041510065590625e+13	-6.670995837091157031e+13
7.510000000000000000e+02	8.155841978913634375e+13	-6.005682868960371094e+13
7.520000000000000000e+02	8.563284273963832812e+13	-5.309306554466177344e+13
7.530000000000000000e+02	8.912358858849650000e+13	-4.586592719901417188e+13
7.540000000000000000e+02	9.201445241142993750e+13	-3.842378272465104688e+13
7.550000000000000000e+02	9.429320854303687500e+13	-3.081579802511157812e+13
7.560000000000000000e+02	9.595166990082857812e+13	-2.309163032410823828e+13
7.570000000000000000e+02	9.698571399712118750e+13	-1.530113073177169141e+13
7.580000000000000000e+02	9.739527326856003125e+13	-7.494053167078713867e+12
7.590000000000000000e+02	9.718428920411212500e+13	2.802328125422646484e+11
7.600000000000000000e+02	9.636063172904523438e+13	7.973027737444603516e+12
7.610000000000000000e+02	9.493598710702920312e+13	1.553658828156672656e+13
7.620000000000000000e+02	9.292571898675235938e+13	2.292441415521164062e+13
7.630000000000000000e+02	9.034870794780985938e+13	3.009153471941760547e+13
7.640000000000000000e+02	8.722717490118039062e+13	3.699479250575989062e+13
7.650000000000000000e+02	8.358649299819418750e+13	4.359311933715037500e+13
7.660000000000000000e+02	7.945499143673339062e+13	4.984779972470962500e+13
7.670000000000000000e+02	7.486375295183518750e+13	5.572271584177760156e+13
7.680000000000000000e+02	6.984640511852696094e+13	6.118456872233703125e+13
7.690000000000000000e+02	6.443890416198676562e+13	6.620307135485658594e+13
7.700000000000000000e+02	5.867930900772395312e+13	7.075111089259878125e+13
7.710000000000000000e+02	5.260754297627096094e+13	7.480487904307640625e+13
7.720000000000000000e+02	4.626514089079400000e+13	7.834397155312495312e+13
7.730000000000000000e+02	3.969498036543843750e+13	8.135145929326457812e+13
7.740000000000000000e+02	3.294099751596432031e+13	8.381393453269589062e+13
7.750000000000000000e+02	2.604788904356462500e+13	8.572153643467278125e+13
7.760000000000000000e+02	1.906080431068291797e+13	8.706795954790679688e+13
7.770000000000000000e+02	1.202503238413462305e+13	8.785044819267014062e+13
7.780000000000000000e+02	4.985689846631796875e+12	8.806977831029118750e+13
7.790000000000000000e+02	-2.012584660357102539e+12	8.773022680365745312e+13
7.800000000000000000e+02	-8.925923727885470703e+12	8.683952691801206250e+13
7.810000000000000000e+02	-1.571150800480216992e+13	8.540880705679635938e+13
7.820000000000000000e+02	-2.232782381695589062e+13	8.345250980235604688e+13
7.830000000000000000e+02	-2.873490057955430859e+13	8.098828793349776562e+13
7.840000000000000000e+02	-3.489452864820703906e+13	7.803687491179850000e+13
7.850000000000000000e+02	-4.077045955382942188e+13	7.462192854897042188e+13
7.860000000000000000e+02	-4.632859132536657812e+13	7.076984817985157812e+13
7.870000000000000000e+02	-5.153714171845998438e+13	6.650956740084097656e+13
7.880000000000000000e+02	-5.636681164041367188e+13	6.187232602353925000e+13
7.890000000000000000e+02	-6.079094000004126562e+13	5.689142609381567969e+13
7.900000000000000000e+02	-6.478564980975807031e+13	5.160197745687002344e+13
7.910000000000000000e+02	-6.832998387566383594e+13	4.604063832076842969e+13
7.920000000000000000e+02	-7.140602709180601562e+13	4.024535560201793750e+13
7.930000000000000000e+02	-7.399901144041432812e+13	3.425510864684568750e+13
7.940000000000000000e+02	-7.609739945666625000e+13	2.810965841285275391e+13
7.950000000000000000e+02	-7.769294221678860938e+13	2.184930261815219531e+13
7.960000000000000000e+02	-7.878070881943754688e+13	1.551463597713614062e+13
7.970000000000000000e+02	-7.935908572083503125e+13	9.146313667517082031e+12
7.980000000000000000e+02	-7.942974594550971875e+13	2.784815765729862305e+12
7.990000000000000000e+02	-7.899758987540548438e+13	-3.529789394068151367e+12
8.000000000000000000e+02	-7.807066076750081250e+13	-9.758084183121042969e+12
8.010000000000000000e+02	-7.666003915001612500e+13	-1.586154296939171094e+13
8.020000000000000000e+02	-7.477972065936985938e+13	-2.180277427513778125e+13
8.030000000000000000e+02	-7.244648165948279688e+13	-2.754576089168063281e+13
8.040000000000000000e+02	-6.967973618918349219e+13	-3.305609386140282422e+13
8.050000000000000000e+02	-6.650138656163819531e+13	-3.830119552403542969e+13
8.060000000000000000e+02	-6.293566850823747656e+13	-4.325052670468340625e+13
8.070000000000000000e+02	-5.900899036588194531e+13	-4.787577362414827344e+13
8.080000000000000000e+02	-5.474976468960916406e+13	-5.215101116696098438e+13
8.090000000000000000e+02	-5.018823002265257812e+13	-5.605284058999907812e+13
8.100000000000000000e+02	-4.535626048542060938e+13	-5.956050137365839062e+13
8.110000000000000000e+02	-4.028716136947829688e+13	-6.265595846163348438e+13
8.120000000000000000e+02	-3.501544996014247266e+13	-6.532396737224566406e+13
8.130000000000000000e+02	-2.957662219538698047e+13	-6.755212041363462500e+13
8.140000000000000000e+02	-2.400690727644519922e+13	-6.933087739737064844e+13
8.150000000000000000e+02	-1.834301373379982031e+13	-7.065358381669856250e+13
8.160000000000000000e+02	-1.262187149777064453e+13	-7.151647852911487500e+13
8.170000000000000000e+02	-6.880375057921520508e+12	-7.191869173096843750e+13
8.180000000000000000e+02	-1.155132734809101807e+12	-7.186223265824818750e+13
8.190000000000000000e+02	4.517773558146715820e+12	-7.135196523141506250e+13
8.200000000000000000e+02	1.010301481161058984e+13	-7.039556899736854688e+13
8.210000000000000000e+02	1.556622585262974805e+13	-6.900348236372035938e+13
8.220000000000000000e+02	2.087420039093488672e+13	-6.718882534082735938e+13
8.230000000000000000e+02	2.599507119891195703e+13	-6.496729978178858594e+13
8.240000000000000000e+02	3.089847741809319141e+13	-6.235706632549367969e+13
8.250000000000000000e+02	3.555572144593875000e+13	-5.937859871687242188e+13
8.260000000000000000e+02	3.993991774598335156e+13	-5.605451767485516406e+13
8.270000000000000000e+02	4.402613527696354688e+13	-5.240940777132419531e+13
8.280000000000000000e+02	4.779153417485488281e+13	-4.846962167615867969e+13
8.290000000000000000e+02	5.121549603558468750e+13	-4.426307648215448438e+13
8.300000000000000000e+02	5.427974586108120312e+13	-3.981904660317563281e+13
8.310000000000000000e+02	5.696846267171546875e+13	-3.516795698639173438e+13
8.320000000000000000e+02	5.926837514087424219e+13	-3.034117922665508203e+13
8.330000000000000000e+02	6.116883849133271094e+13	-2.537083181249168750e+13
8.340000000000000000e+02	6.266188934047766406e+13	-2.028958439411905859e+13
8.350000000000000000e+02	6.374227613292082812e+13	-1.513046486359765820e+13
8.360000000000000000e+02	6.440746411388103906e+13	-9.926667353387574219e+12
8.370000000000000000e+02	6.465761527604803906e+13	-4.711359099782558594e+12
8.380000000000000000e+02	6.449554513197033594e+13	4.825154975848945312e+11
8.390000000000000000e+02	6.392665930982050000e+13	5.622434429067007812e+12
8.400000000000000000e+02	6.295887367452375000e+13	1.067650086225078906e+13
8.410000000000000000e+02	6.160252184281335938e+13	1.561364746930958984e+13
8.420000000000000000e+02	5.987025358125426562e+13	2.040383937986239453e+13
8.430000000000000000e+02	5.777692673008988281e+13	2.501827192383411719e+13
8.440000000000000000e+02	5.533949413681771875e+13	2.942955886449199219e+13
8.450000000000000000e+02	5.257688581457522656e+13	3.361190689673921484e+13
8.460000000000000000e+02	4.950988538015860938e+13	3.754127279537277344e+13
8.470000000000000000e+02	4.616099897330173438e+13	4.119550065191096875e+13
8.480000000000000000e+02	4.255431445904232812e+13	4.455443797557698438e+13
8.490000000000000000e+02	3.871534883932471094e+13	4.760003084862128906e+13
8.500000000000000000e+02	3.467088243252229297e+13	5.031639960220643750e+13
8.510000000000000000e+02	3.044877942083180078e+13	5.268989742474577344e+13
8.520000000000000000e+02	2.607779564913741797e+13	5.470915479326538281e+13
8.530000000000000000e+02	2.158737587907471094e+13	5.636511257040891406e+13
8.540000000000000000e+02	1.700744384692868555e+13	5.765104606151012500e+13
8.550000000000000000e+02	1.236818926048107422e+13	5.856258138522885938e+13
8.560000000000000000e+02	7.699856172885443359e+12	5.909770434818475781e+13
8.570000000000000000e+02	3.032536944048496094e+12	5.925676083426813281e+13
8.580000000000000000e+02	-1.604024720016588623e+12	5.904244672960471094e+13
8.590000000000000000e+02	-6.180619255142746094e+12	5.845978477874555469e+13
8.600000000000000000e+02	-1.066874415523255469e+13	5.751608562027375000e+13
8.610000000000000000e+02	-1.504076450727686328e+13	5.622089061558292969e+13
8.620000000000000000e+02	-1.927006241638998438e+13	5.458589491400903125e+13
8.630000000000000000e+02	-2.333117729729682812e+13	5.262485036607458594e+13
8.640000000000000000e+02	-2.719993923477927734e+13	5.035344922463303906e+13
8.650000000000000000e+02	-3.085359733809098438e+13	4.778919085591075000e+13
8.660000000000000000e+02	-3.427094429158505469e+13	4.495123472141534375e+13
8.670000000000000000e+02	-3.743243726673878125e+13	4.186024352976817188e+13
8.680000000000000000e+02	-4.032031419123425781e+13	3.853822060216287500e+13
8.690000000000000000e+02	-4.291870327162589844e+13	3.500834513341758594e+13
8.700000000000000000e+02	-4.521372282808660938e+13	3.129480823082386328e+13
8.710000000000000000e+02	-4.719356807039078906e+13	2.742265151313762109e+13
8.720000000000000000e+02	-4.884858150437114844e+13	2.341760883686525000e+13
8.730000000000000000e+02	-5.017130420862885938e+13	1.930595058775059766e+13
8.740000000000000000e+02	-5.115650618386028125e+13	1.511432911707615039e+13
8.750000000000000000e+02	-5.180119520701039844e+13	1.086962345389431836e+13
8.760000000000000000e+02	-5.210460493225892188e+13	6.598781455983222656e+12
8.770000000000000000e+02	-5.206816417125344531e+13	2.328658065104208008e+12
8.780000000000000000e+02	-5.169545017707578125e+13	-1.914150780533366455e+12
8.790000000000000000e+02	-5.099212922035363281e+13	-6.103477901376505859e+12
8.800000000000000000e+02	-4.996588772182891406e+13	-1.021375645450081055e+13
8.810000000000000000e+02	-4.862635671277375781e+13	-1.422019046853602344e+13
8.820000000000000000e+02	-4.698503152761042188e+13	-1.809892076783184766e+13
8.830000000000000000e+02	-4.505518754622642969e+13	-2.182718245501563281e+13
8.840000000000000000e+02	-4.285179168521942969e+13	-2.538345034480579297e+13
8.850000000000000000e+02	-4.039140837942642188e+13	-2.874756942221444922e+13
8.860000000000000000e+02	-3.769209816142003906e+13	-3.190086843154376953e+13
8.870000000000000000e+02	-3.477330674671946484e+13	-3.482625592932317188e+13
8.880000000000000000e+02	-3.165574280384533984e+13	-3.750829936500796094e+13
8.890000000000000000e+02	-2.836124329105506250e+13	-3.993328879935828125e+13
8.900000000000000000e+02	-2.491262626490267578e+13	-4.208928757481021094e+13
8.910000000000000000e+02	-2.133353224655010156e+13	-4.396617251447115625e+13
8.920000000000000000e+02	-1.764825638128574609e+13	-4.555566601879826562e+13
8.930000000000000000e+02	-1.388157456134858789e+13	-4.685136180040241406e+13
8.940000000000000000e+02	-1.005856725318972266e+13	-4.784874506475953906e+13
8.950000000000000000e+02	-6.204444887820240234e+12	-4.854520687369063281e+13
8.960000000000000000e+02	-2.344378320121100098e+12	-4.894005140654481250e+13
8.970000000000000000e+02	1.496662901430327881e+12	-4.903449403924897656e+13
8.980000000000000000e+02	5.294062765041369141e+12	-4.883164773390139844e+13
8.990000000000000000e+02	9.023701006429306641e+12	-4.833649525085824219e+13
9.000000000000000000e+02	1.266208588248511328e+13	-4.755584516747041406e+13
9.010000000000000000e+02	1.618647894985904297e+13	-4.649827054498827344e+13
9.020000000000000000e+02	1.957501377581144922e+13	-4.517403019722216406e+13
9.030000000000000000e+02	2.280681054913314844e+13	-4.359497370971521094e+13
9.040000000000000000e+02	2.586208815764128516e+13	-4.177443245162634375e+13
9.050000000000000000e+02	2.872227453113874609e+13	-3.972709964625265625e+13
9.060000000000000000e+02	3.137011504990459766e+13	-3.746890299611655469e+13
9.070000000000000000e+02	3.378977776126933203e+13	-3.501687333455762109e+13
9.080000000000000000e+02	3.596695321228586719e+13	-3.238901231078623828e+13
9.090000000000000000e+02	3.788894605609592188e+13	-2.960416129302435156e+13
9.100000000000000000e+02	3.954475533792619531e+13	-2.668187263504495703e+13
9.110000000000000000e+02	4.092514056330200781e+13	-2.364228336908398828e+13
9.120000000000000000e+02	4.202267127282599219e+13	-2.050599044190895312e+13
9.130000000000000000e+02	4.283175880280100781e+13	-1.729392595598680469e+13
9.140000000000000000e+02	4.334867005360149219e+13	-1.402723062043538086e+13
9.150000000000000000e+02	4.357152424283666406e+13	-1.072712379696826172e+13
9.160000000000000000e+02	4.350027461161272656e+13	-7.414769112398477539e+12
9.170000000000000000e+02	4.313667773054860938e+13	-4.111135502871932129e+12
9.180000000000000000e+02	4.248425331994011719e+13	-8.368546069907083740e+11
9.190000000000000000e+02	4.154823732476473438e+13	2.387923539302999023e+12
9.200000000000000000e+02	4.033553041072748438e+13	5.543673705812667969e+12
9.210000000000000000e+02	3.885464317736671875e+13	8.611634251179482422e+12
9.220000000000000000e+02	3.711563837049556250e+13	1.157393806799329883e+13
9.230000000000000000e+02	3.513006939312868359e+13	1.441373261005324023e+13
9.240000000000000000e+02	3.291091362933221094e+13	1.711528664808414453e+13
9.250000000000000000e+02	3.047249864328881250e+13	1.966408240229026562e+13
9.260000000000000000e+02	2.783041927519437891e+13	2.204689282224172656e+13
9.270000000000000000e+02	2.500144403739574609e+13	2.425184485270891016e+13
9.280000000000000000e+02	2.200340996013037500e+13	2.626847037420248047e+13
9.290000000000000000e+02	1.885510602841814453e+13	2.808774701171989844e+13
9.300000000000000000e+02	1.557614643197900977e+13	2.970213109416053516e+13
9.310000000000000000e+02	1.218683584606803125e+13	3.110558471773808984e+13
9.320000000000000000e+02	8.708029714044524414e+12	3.229359818529365625e+13
9.330000000000000000e+02	5.160992892965587891e+12	3.326320818250464062e+13
9.340000000000000000e+02	1.567259990681930176e+12	3.401301107117690625e+13
9.350000000000000000e+02	-2.051499725803143066e+12	3.454316979929069922e+13
9.360000000000000000e+02	-5.673610761554911133e+12	3.485541230033899609e+13
9.370000000000000000e+02	-9.277512079443738281e+12	3.495301899189594922e+13
9.380000000000000000e+02	-1.284187001122871680e+13	3.484079713655470312e+13
9.390000000000000000e+02	-1.634568430390053320e+13	3.452504038072950781e+13
9.400000000000000000e+02	-1.976838888531132031e+13	3.401347265661468359e+13
9.410000000000000000e+02	-2.308994923844056250e+13	3.331517668664265625e+13
9.420000000000000000e+02	-2.629095816737628516e+13	3.244050840515491797e+13
9.430000000000000000e+02	-2.935273124498871875e+13	3.140099954257085938e+13
9.440000000000000000e+02	-3.225740244039569141e+13	3.020925126070937109e+13
9.450000000000000000e+02	-3.498801947032020312e+13	2.887882198838146875e+13
9.460000000000000000e+02	-3.752863746517825000e+13	2.742411245020402734e+13
9.470000000000000000e+02	-3.986440875065913281e+13	2.586025034219116406e+13
9.480000000000000000e+02	-4.198166605428390625e+13	2.420297627987299219e+13
9.490000000000000000e+02	-4.386799634080022656e+13	2.246853166901284375e+13
9.500000000000000000e+02	-4.551230278440408594e+13	2.067354818864370703e+13
9.510000000000000000e+02	-4.690485305737253906e+13	1.883493779045206250e+13
9.520000000000000000e+02	-4.803731305208583594e+13	1.696978163703032227e+13
9.530000000000000000e+02	-4.890276621232016406e+13	1.509521630307993164e+13
9.540000000000000000e+02	-4.949571966666815625e+13	1.322831586386999805e+13
9.550000000000000000e+02	-4.981209917599871094e+13	1.138596914423397266e+13
9.560000000000000000e+02	-4.984923540465547656e+13	9.584752292012443359e+12
9.570000000000000000e+02	-4.960584413072261719e+13	7.840797825532276367e+12
9.580000000000000000e+02	-4.908200271700089844e+13	6.169662223258982422e+12
9.590000000000000000e+02	-4.827912452871265625e+13	4.586194823834521484e+12
9.600000000000000000e+02	-4.719993211870656250e+13	3.104411170350292969e+12
9.610000000000000000e+02	-4.584842905480492188e+13	1.737373902022291260e+12
9.620000000000000000e+02	-4.422986939776749219e+13	4.970838714720905151e+11
9.630000000000000000e+02	-4.235072319889287500e+13	-6.056165879820266113e+11
9.640000000000000000e+02	-4.021863608237589844e+13	-1.561127285286451660e+12
9.650000000000000000e+02	-3.784238106260904688e+13	-2.361160749435653809e+12
9.660000000000000000e+02	-3.523180121010557031e+13	-2.998800750780262207e+12
9.670000000000000000e+02	-3.239774254911185938e+13	-3.468550436003858398e+12
9.680000000000000000e+02	-2.935197752269407031e+13	-3.766372083502275391e+12
9.690000000000000000e+02	-2.610712034461310547e+13	-3.889720432174885742e+12
9.700000000000000000e+02	-2.267653641401776562e+13	-3.837571110968056152e+12
9.710000000000000000e+02	-1.907424856171678516e+13	-3.610444977831965820e+12
9.720000000000000000e+02	-1.531484313105639648e+13	-3.210428291459107910e+12
9.730000000000000000e+02	-1.141337873554209570e+13	-2.641187740404221680e+12
9.740000000000000000e+02	-7.385300006218276367e+12	-1.907978596811440186e+12
9.750000000000000000e+02	-3.246357830329628418e+12	-1.017643777406381226e+12
9.760000000000000000e+02	9.874633803216268311e+11	2.139853068425240326e+10
9.770000000000000000e+02	5.300011813437129883e+12	1.199180759381335938e+12
9.780000000000000000e+02	9.675029000130667969e+12	2.504226829792884277e+12
9.790000000000000000e+02	1.409620692995058203e+13	3.923608593790310059e+12
9.800000000000000000e+02	1.854724345105851953e+13	5.443017437453007812e+12
9.810000000000000000e+02	2.301189765118107031e+13	7.046849665417272461e+12
9.820000000000000000e+02	2.747404635761823438e+13	8.718303492260079102e+12
9.830000000000000000e+02	3.191774209598669922e+13	1.043948497307392773e+13
9.840000000000000000e+02	3.632727194438372656e+13	1.219152008216086328e+13
9.850000000000000000e+02	4.068721586603020312e+13	1.395467040812830078e+13
9.860000000000000000e+02	4.498250244473692188e+13	1.570845052566000977e+13
9.870000000000000000e+02	4.919845959746476562e+13	1.743174592557959570e+13
9.880000000000000000e+02	5.332085786027292969e+13	1.910293129576422266e+13
9.890000000000000000e+02	5.733594424113066406e+13	2.069998979267342578e+13
9.900000000000000000e+02	6.123046534762617969e+13	2.220063458470505859e+13
9.910000000000000000e+02	6.499167942053077344e+13	2.358243427663462500e+13
9.920000000000000000e+02	6.860735789291943750e+13	2.482294378309625781e+13
9.930000000000000000e+02	7.206577799628729688e+13	2.589984181316871094e+13
9.940000000000000000e+02	7.535570861144942188e+13	2.679107542205182031e+13
9.950000000000000000e+02	7.846639191140621875e+13	2.747501119306339453e+13
9.960000000000000000e+02	8.138752331734950000e+13	2.793059167774746875e+13
9.970000000000000000e+02	8.410923189991804688e+13	2.813749489479290625e+13
9.980000000000000000e+02	8.662206267651620312e+13	2.807629410325949609e+13
9.990000000000000000e+02	8.891696139968514062e+13	2.772861481669947266e+13
1.000000000000000000e+03	9.098526154632748438e+13	2.707728615222880469e+13
