-75.00	0.00
-73.00	1297369388.62
-71.00	8328623861.54
-68.99	30148245578.28
-66.99	86975436758.83
-64.99	223807074306.19
-62.99	540396689894.11
-60.99	1254682339161.29
-58.99	2831360335031.60
-56.98	6232610525873.88
-54.98	13390774624897.47
-52.98	28072435338122.18
-50.98	57410768285676.70
-48.98	114538121977151.45
-46.97	222957999754188.88
-44.97	423547944358835.50
-42.97	785355702796940.62
-40.97	1421584111684202.25
-38.97	2512257272557179.50
-36.96	4334871590418815.50
-34.96	7303656506825010.00
-32.96	12016662535072812.00
-30.96	19307533998419700.00
-28.96	30295390277000168.00
-26.96	46421853563218568.00
-24.95	69459474356587496.00
-22.95	101471824851042128.00
-20.95	144704406839122656.00
-18.95	201390109808157664.00
-16.95	273466282520678720.00
-14.94	362224121291215104.00
-12.94	467942533826290688.00
-10.94	589588846146857984.00
-8.94	724682294336413184.00
-6.94	869397319313427200.00
-4.93	1018927037777434112.00
-2.93	1168048000241046016.00
-0.93	1311758823494124288.00
1.07	1445841465701734912.00
3.07	1567226984733216000.00
5.07	1674119339007055872.00
7.08	1765905372231684608.00
9.08	1842926309254760192.00
11.08	1906195955690432768.00
13.08	1957132450599045888.00
15.08	1997340817068454144.00
17.09	2028456848726970880.00
19.09	2052045880630316288.00
21.09	2069543055929521408.00
23.09	2082221739213214720.00
25.09	2091180035367779840.00
27.09	2097339151682589952.00
29.10	2101450128041585152.00
31.10	2104106903967597056.00
33.10	2105764098145576704.00
35.10	2106757778568049664.00
37.10	2107327363716120832.00
39.11	2107636876299549440.00
41.11	2107794118914325504.00
43.11	2107866862634808320.00
45.11	2107895692491448320.00
47.11	2107903617137258240.00
49.12	2107902859071142400.00
51.12	2107899388993931520.00
53.12	2107895784413410560.00
55.12	2107892925506563840.00
57.12	2107890935446009600.00
59.12	2107889661265512704.00
61.13	2107888894419374336.00
63.13	2107888455427726336.00
65.13	2107888214641305600.00
67.13	2107888087487833344.00
69.13	2107888022621244672.00
71.14	2107887990572873216.00
73.14	2107887975207886592.00
75.14	2107887968048375296.00
77.14	2107887964801773056.00
79.14	2107887963367416832.00
81.15	2107887962749408000.00
83.15	2107887962489495808.00
85.15	2107887962382714880.00
87.15	2107887962339827712.00
89.15	2107887962322978048.00
91.15	2107887962316497920.00
93.16	2107887962314057984.00
95.16	2107887962313157376.00
97.16	2107887962312831488.00
99.16	2107887962312716800.00
101.16	2107887962312675840.00
103.17	2107887962312662784.00
105.17	2107887962312657664.00
107.17	2107887962312656640.00
109.17	2107887962312655872.00
111.17	2107887962312655872.00
113.18	2107887962312655872.00
115.18	2107887962312655872.00
117.18	2107887962312655872.00
119.18	2107887962312655872.00
121.18	2107887962312655872.00
123.18	2107887962312655872.00
125.19	2107887962312655872.00
127.19	2107887962312655872.00
129.19	2107887962312655872.00
131.19	2107887962312655872.00
133.19	2107887962312655872.00
135.20	2107887962312655872.00
137.20	2107887962312655872.00
139.20	2107887962312655872.00
141.20	2107887962312655872.00
143.20	2107887962312655872.00
145.20	2107887962312655872.00
147.21	2107887962312655872.00
149.21	2107887962312655872.00
151.21	2107887962312655872.00
153.21	2107887962312655872.00
155.21	2107887962312655872.00
157.22	2107887962312655872.00
159.22	2107887962312655872.00
161.22	2107887962312655872.00
163.22	2107887962312655872.00
165.22	2107887962312655872.00
167.23	2107887962312655872.00
169.23	2107887962312655872.00
171.23	2107887962312655872.00
173.23	2107887962312655872.00
175.23	2107887962312655872.00
177.23	2107887962312655872.00
179.24	2107887962312655872.00
181.24	2107887962312655872.00
183.24	2107887962312655872.00
185.24	2107887962312655872.00
187.24	2107887962312655872.00
189.25	2107887962312655872.00
191.25	2107887962312655872.00
193.25	2107887962312655872.00
195.25	2107887962312655872.00
197.25	2107887962312655872.00
199.26	2107887962312655872.00
201.26	2107887962312655872.00
203.26	2107887962312655872.00
205.26	2107887962312655872.00
207.26	2107887962312655872.00
209.26	2107887962312655872.00
211.27	2107887962312655872.00
213.27	2107887962312655872.00
215.27	2107887962312655872.00
217.27	2107887962312655872.00
219.27	2107887962312655872.00
221.28	2107887962312655872.00
223.28	2107887962312655872.00
225.28	2107887962312655872.00
227.28	2107887962312655872.00
229.28	2107887962312655872.00
231.28	2107887962312655872.00
233.29	2107887962312655872.00
235.29	2107887962312655872.00
237.29	2107887962312655872.00
239.29	2107887962312655872.00
241.29	2107887962312655872.00
243.30	2107887962312655872.00
245.30	2107887962312655872.00
247.30	2107887962312655872.00
249.30	2107887962312655872.00
251.30	2107887962312655872.00
253.31	2107887962312655872.00
255.31	2107887962312655872.00
257.31	2107887962312655872.00
259.31	2107887962312655872.00
261.31	2107887962312655872.00
263.31	2107887962312655872.00
265.32	2107887962312655872.00
267.32	2107887962312655872.00
269.32	2107887962312655872.00
271.32	2107887962312655872.00
273.32	2107887962312655872.00
275.33	2107887962312655872.00
277.33	2107887962312655872.00
279.33	2107887962312655872.00
281.33	2107887962312655872.00
283.33	2107887962312655872.00
285.34	2107887962312655872.00
287.34	2107887962312655872.00
289.34	2107887962312655872.00
291.34	2107887962312655872.00
293.34	2107887962312655872.00
295.34	2107887962312655872.00
297.35	2107887962312655872.00
299.35	2107887962312655872.00
301.35	2107887962312655872.00
303.35	2107887962312655872.00
305.35	2107887962312655872.00
307.36	2107887962312655872.00
309.36	2107887962312655872.00
311.36	2107887962312655872.00
313.36	2107887962312655872.00
315.36	2107887962312655872.00
317.36	2107887962312655872.00
319.37	2107887962312655872.00
321.37	2107887962312655872.00
323.37	2107887962312655872.00
325.37	2107887962312655872.00
327.37	2107887962312655872.00
329.38	2107887962312655872.00
331.38	2107887962312655872.00
333.38	2107887962312655872.00
335.38	2107887962312655872.00
337.38	2107887962312655872.00
339.39	2107887962312655872.00
341.39	2107887962312655872.00
343.39	2107887962312655872.00
345.39	2107887962312655872.00
347.39	2107887962312655872.00
349.39	2107887962312655872.00
351.40	2107887962312655872.00
353.40	2107887962312655872.00
355.40	2107887962312655872.00
357.40	2107887962312655872.00
359.40	2107887962312655872.00
361.41	2107887962312655872.00
363.41	2107887962312655872.00
365.41	2107887962312655872.00
367.41	2107887962312655872.00
369.41	2107887962312655872.00
371.42	2107887962312655872.00
373.42	2107887962312655872.00
375.42	2107887962312655872.00
377.42	2107887962312655872.00
379.42	2107887962312655872.00
381.42	2107887962312655872.00
383.43	2107887962312655872.00
385.43	2107887962312655872.00
387.43	2107887962312655872.00
389.43	2107887962312655872.00
391.43	2107887962312655872.00
393.44	2107887962312655872.00
395.44	2107887962312655872.00
397.44	2107887962312655872.00
399.44	2107887962312655872.00
401.44	2107887962312655872.00
403.45	2107887962312655872.00
405.45	2107887962312655872.00
407.45	2107887962312655872.00
409.45	2107887962312655872.00
411.45	2107887962312655872.00
413.45	2107887962312655872.00
415.46	2107887962312655872.00
417.46	2107887962312655872.00
419.46	2107887962312655872.00
421.46	2107887962312655872.00
423.46	2107887962312655872.00
425.47	2107887962312655872.00
427.47	2107887962312655872.00
429.47	2107887962312655872.00
431.47	2107887962312655872.00
433.47	2107887962312655872.00
435.47	2107887962312655872.00
437.48	2107887962312655872.00
439.48	2107887962312655872.00
441.48	2107887962312655872.00
443.48	2107887962312655872.00
445.48	2107887962312655872.00
447.49	2107887962312655872.00
449.49	2107887962312655872.00
451.49	2107887962312655872.00
453.49	2107887962312655872.00
455.49	2107887962312655872.00
457.50	2107887962312655872.00
459.50	2107887962312655872.00
461.50	2107887962312655872.00
463.50	2107887962312655872.00
465.50	2107887962312655872.00
467.50	2107887962312655872.00
469.51	2107887962312655872.00
471.51	2107887962312655872.00
473.51	2107887962312655872.00
475.51	2107887962312655872.00
477.51	2107887962312655872.00
479.52	2107887962312655872.00
481.52	2107887962312655872.00
483.52	2107887962312655872.00
485.52	2107887962312655872.00
487.52	2107887962312655872.00
489.53	2107887962312655872.00
491.53	2107887962312655872.00
493.53	2107887962312655872.00
495.53	2107887962312655872.00
497.53	2107887962312655872.00
499.53	2107887962312655872.00
501.54	2107887962312655872.00
503.54	2107887962312655872.00
505.54	2107887962312655872.00
507.54	2107887962312655872.00
509.54	2107887962312655872.00
511.55	2107887962312655872.00
513.55	2107887962312655872.00
515.55	2107887962312655872.00
517.55	2107887962312655872.00
519.55	2107887962312655872.00
521.55	2107887962312655872.00
523.56	2107887962312655872.00
525.56	2107887962312655872.00
527.56	2107887962312655872.00
529.56	2107887962312655872.00
531.56	2107887962312655872.00
533.57	2107887962312655872.00
535.57	2107887962312655872.00
537.57	2107887962312655872.00
539.57	2107887962312655872.00
541.57	2107887962312655872.00
543.58	2107887962312655872.00
545.58	2107887962312655872.00
547.58	2107887962312655872.00
549.58	2107887962312655872.00
551.58	2107887962312655872.00
553.58	2107887962312655872.00
555.59	2107887962312655872.00
557.59	2107887962312655872.00
559.59	2107887962312655872.00
561.59	2107887962312655872.00
563.59	2107887962312655872.00
565.60	2107887962312655872.00
567.60	2107887962312655872.00
569.60	2107887962312655872.00
571.60	2107887962312655872.00
573.60	2107887962312655872.00
575.61	2107887962312655872.00
577.61	2107887962312655872.00
579.61	2107887962312655872.00
581.61	2107887962312655872.00
583.61	2107887962312655872.00
585.61	2107887962312655872.00
587.62	2107887962312655872.00
589.62	2107887962312655872.00
591.62	2107887962312655872.00
593.62	2107887962312655872.00
595.62	2107887962312655872.00
597.63	2107887962312655872.00
599.63	2107887962312655872.00
601.63	2107887962312655872.00
603.63	2107887962312655872.00
605.63	2107887962312655872.00
607.64	2107887962312655872.00
609.64	2107887962312655872.00
611.64	2107887962312655872.00
613.64	2107887962312655872.00
615.64	2107887962312655872.00
617.64	2107887962312655872.00
619.65	2107887962312655872.00
621.65	2107887962312655872.00
623.65	2107887962312655872.00
625.65	2107887962312655872.00
627.65	2107887962312655872.00
629.66	2107887962312655872.00
631.66	2107887962312655872.00
633.66	2107887962312655872.00
635.66	2107887962312655872.00
637.66	2107887962312655872.00
639.66	2107887962312655872.00
641.67	2107887962312655872.00
643.67	2107887962312655872.00
645.67	2107887962312655872.00
647.67	2107887962312655872.00
649.67	2107887962312655872.00
651.68	2107887962312655872.00
653.68	2107887962312655872.00
655.68	2107887962312655872.00
657.68	2107887962312655872.00
659.68	2107887962312655872.00
661.69	2107887962312655872.00
663.69	2107887962312655872.00
665.69	2107887962312655872.00
667.69	2107887962312655872.00
669.69	2107887962312655872.00
671.69	2107887962312655872.00
673.70	2107887962312655872.00
675.70	2107887962312655872.00
677.70	2107887962312655872.00
679.70	2107887962312655872.00
681.70	2107887962312655872.00
683.71	2107887962312655872.00
685.71	2107887962312655872.00
687.71	2107887962312655872.00
689.71	2107887962312655872.00
691.71	2107887962312655872.00
693.72	2107887962312655872.00
695.72	2107887962312655872.00
697.72	2107887962312655872.00
699.72	2107887962312655872.00
701.72	2107887962312655872.00
703.72	2107887962312655872.00
705.73	2107887962312655872.00
707.73	2107887962312655872.00
709.73	2107887962312655872.00
711.73	2107887962312655872.00
713.73	2107887962312655872.00
715.74	2107887962312655872.00
717.74	2107887962312655872.00
719.74	2107887962312655872.00
721.74	2107887962312655872.00
723.74	2107887962312655872.00
725.74	2107887962312655872.00
727.75	2107887962312655872.00
729.75	2107887962312655872.00
731.75	2107887962312655872.00
733.75	2107887962312655872.00
735.75	2107887962312655872.00
737.76	2107887962312655872.00
739.76	2107887962312655872.00
741.76	2107887962312655872.00
743.76	2107887962312655872.00
745.76	2107887962312655872.00
747.77	2107887962312655872.00
749.77	2107887962312655872.00
751.77	2107887962312655872.00
753.77	2107887962312655872.00
755.77	2107887962312655872.00
757.77	2107887962312655872.00
759.78	2107887962312655872.00
761.78	2107887962312655872.00
763.78	2107887962312655872.00
765.78	2107887962312655872.00
767.78	2107887962312655872.00
769.79	2107887962312655872.00
771.79	2107887962312655872.00
773.79	2107887962312655872.00
775.79	2107887962312655872.00
777.79	2107887962312655872.00
779.80	2107887962312655872.00
781.80	2107887962312655872.00
783.80	2107887962312655872.00
785.80	2107887962312655872.00
787.80	2107887962312655872.00
789.80	2107887962312655872.00
791.81	2107887962312655872.00
793.81	2107887962312655872.00
795.81	2107887962312655872.00
797.81	2107887962312655872.00
799.81	2107887962312655872.00
801.82	2107887962312655872.00
803.82	2107887962312655872.00
805.82	2107887962312655872.00
807.82	2107887962312655872.00
809.82	2107887962312655872.00
811.82	2107887962312655872.00
813.83	2107887962312655872.00
815.83	2107887962312655872.00
817.83	2107887962312655872.00
819.83	2107887962312655872.00
821.83	2107887962312655872.00
823.84	2107887962312655872.00
825.84	2107887962312655872.00
827.84	2107887962312655872.00
829.84	2107887962312655872.00
831.84	2107887962312655872.00
833.85	2107887962312655872.00
835.85	2107887962312655872.00
837.85	2107887962312655872.00
839.85	2107887962312655872.00
841.85	2107887962312655872.00
843.85	2107887962312655872.00
845.86	2107887962312655872.00
847.86	2107887962312655872.00
849.86	2107887962312655872.00
851.86	2107887962312655872.00
853.86	2107887962312655872.00
855.87	2107887962312655872.00
857.87	2107887962312655872.00
859.87	2107887962312655872.00
861.87	2107887962312655872.00
863.87	2107887962312655872.00
865.88	2107887962312655872.00
867.88	2107887962312655872.00
869.88	2107887962312655872.00
871.88	2107887962312655872.00
873.88	2107887962312655872.00
875.88	2107887962312655872.00
877.89	2107887962312655872.00
879.89	2107887962312655872.00
881.89	2107887962312655872.00
883.89	2107887962312655872.00
885.89	2107887962312655872.00
887.90	2107887962312655872.00
889.90	2107887962312655872.00
891.90	2107887962312655872.00
893.90	2107887962312655872.00
895.90	2107887962312655872.00
897.91	2107887962312655872.00
899.91	2107887962312655872.00
901.91	2107887962312655872.00
903.91	2107887962312655872.00
905.91	2107887962312655872.00
907.91	2107887962312655872.00
909.92	2107887962312655872.00
911.92	2107887962312655872.00
913.92	2107887962312655872.00
915.92	2107887962312655872.00
917.92	2107887962312655872.00
919.93	2107887962312655872.00
921.93	2107887962312655872.00
923.93	2107887962312655872.00
925.93	2107887962312655872.00
927.93	2107887962312655872.00
929.93	2107887962312655872.00
931.94	2107887962312655872.00
933.94	2107887962312655872.00
935.94	2107887962312655872.00
937.94	2107887962312655872.00
939.94	2107887962312655872.00
941.95	2107887962312655872.00
943.95	2107887962312655872.00
945.95	2107887962312655872.00
947.95	2107887962312655872.00
949.95	2107887962312655872.00
951.96	2107887962312655872.00
953.96	2107887962312655872.00
955.96	2107887962312655872.00
957.96	2107887962312655872.00
959.96	2107887962312655872.00
961.96	2107887962312655872.00
963.97	2107887962312655872.00
965.97	2107887962312655872.00
967.97	2107887962312655872.00
969.97	2107887962312655872.00
971.97	2107887962312655872.00
973.98	2107887962312655872.00
975.98	2107887962312655872.00
977.98	2107887962312655872.00
979.98	2107887962312655872.00
981.98	2107887962312655872.00
983.99	2107887962312655872.00
985.99	2107887962312655872.00
987.99	2107887962312655872.00
989.99	2107887962312655872.00
991.99	2107887962312655872.00
993.99	2107887962312655872.00
996.00	2107887962312655872.00
998.00	2107887962312655872.00
1000.00	2107887962312655872.00
