-75.00	0.00
-73.00	5189477553.64
-71.00	33314495399.55
-68.99	120592981598.90
-66.99	347901740399.51
-64.99	895228249780.70
-62.99	2161586468126.59
-60.99	5018727728716.11
-58.99	11325432836965.33
-56.98	24930400061201.37
-54.98	53562900893989.61
-52.98	112288857492727.45
-50.98	229639310102060.31
-48.98	458137234421155.50
-46.97	891773109564217.00
-44.97	1693975143254573.25
-42.97	3140663187030153.50
-40.97	5683796785905343.00
-38.97	10040931727388022.00
-36.96	17314862480034200.00
-34.96	29143203271215372.00
-32.96	47869060489162168.00
-30.96	76708870267886048.00
-28.96	119870699692686288.00
-26.96	182547032662358400.00
-24.95	270677594105945600.00
-22.95	390368369088680896.00
-20.95	546894165150550080.00
-18.95	743338998327616256.00
-16.95	979146917810987392.00
-14.94	1249090604957284096.00
-12.94	1543242196526097664.00
-10.94	1848272813363519744.00
-8.94	2149835093056624640.00
-6.94	2435219547721946112.00
-4.93	2695331084081939456.00
-2.93	2925417753729037312.00
-0.93	3124600739402206208.00
1.07	3294694752003555328.00
3.07	3438893942277093376.00
5.07	3560724019987736064.00
7.08	3663414282630698496.00
9.08	3749653980429642752.00
11.08	3821605935067321856.00
13.08	3881039897036691968.00
15.08	3929483107150364672.00
17.09	3968333200495853056.00
19.09	3998918114236871168.00
21.09	4022511109450061824.00
23.09	4040317761652051456.00
25.09	4053451245844694016.00
27.09	4062907789583548416.00
29.10	4069549195344553472.00
31.10	4074095294227763712.00
33.10	4077126371565573632.00
35.10	4079093851898857472.00
37.10	4080336640825273344.00
39.11	4081100319728325120.00
41.11	4081556701460814336.00
43.11	4081821881796744704.00
45.11	4081971658597519360.00
47.11	4082053868656448512.00
49.12	4082097706786208768.00
51.12	4082120408990016512.00
53.12	4082131821418799104.00
55.12	4082137387361094656.00
57.12	4082140019102648320.00
59.12	4082141224421784064.00
61.13	4082141758510902272.00
63.13	4082141987134863360.00
65.13	4082142081485870592.00
67.13	4082142118920580096.00
69.13	4082142133142760448.00
71.14	4082142138285605376.00
73.14	4082142140038581248.00
75.14	4082142140592261120.00
77.14	4082142140748781056.00
79.14	4082142140784978944.00
81.15	4082142140789475328.00
83.15	4082142140787776512.00
85.15	4082142140785967616.00
87.15	4082142140784918528.00
89.15	4082142140784418304.00
91.15	4082142140784205312.00
93.16	4082142140784121856.00
95.16	4082142140784089600.00
97.16	4082142140784078848.00
99.16	4082142140784074752.00
101.16	4082142140784074752.00
103.17	4082142140784073728.00
105.17	4082142140784073728.00
107.17	4082142140784073728.00
109.17	4082142140784073728.00
111.17	4082142140784073728.00
113.18	4082142140784073728.00
115.18	4082142140784073728.00
117.18	4082142140784073728.00
119.18	4082142140784073728.00
121.18	4082142140784073728.00
123.18	4082142140784073728.00
125.19	4082142140784073728.00
127.19	4082142140784073728.00
129.19	4082142140784073728.00
131.19	4082142140784073728.00
133.19	4082142140784073728.00
135.20	4082142140784073728.00
137.20	4082142140784073728.00
139.20	4082142140784073728.00
141.20	4082142140784073728.00
143.20	4082142140784073728.00
145.20	4082142140784073728.00
147.21	4082142140784073728.00
149.21	4082142140784073728.00
151.21	4082142140784073728.00
153.21	4082142140784073728.00
155.21	4082142140784073728.00
157.22	4082142140784073728.00
159.22	4082142140784073728.00
161.22	4082142140784073728.00
163.22	4082142140784073728.00
165.22	4082142140784073728.00
167.23	4082142140784073728.00
169.23	4082142140784073728.00
171.23	4082142140784073728.00
173.23	4082142140784073728.00
175.23	4082142140784073728.00
177.23	4082142140784073728.00
179.24	4082142140784073728.00
181.24	4082142140784073728.00
183.24	4082142140784073728.00
185.24	4082142140784073728.00
187.24	4082142140784073728.00
189.25	4082142140784073728.00
191.25	4082142140784073728.00
193.25	4082142140784073728.00
195.25	4082142140784073728.00
197.25	4082142140784073728.00
199.26	4082142140784073728.00
201.26	4082142140784073728.00
203.26	4082142140784073728.00
205.26	4082142140784073728.00
207.26	4082142140784073728.00
209.26	4082142140784073728.00
211.27	4082142140784073728.00
213.27	4082142140784073728.00
215.27	4082142140784073728.00
217.27	4082142140784073728.00
219.27	4082142140784073728.00
221.28	4082142140784073728.00
223.28	4082142140784073728.00
225.28	4082142140784073728.00
227.28	4082142140784073728.00
229.28	4082142140784073728.00
231.28	4082142140784073728.00
233.29	4082142140784073728.00
235.29	4082142140784073728.00
237.29	4082142140784073728.00
239.29	4082142140784073728.00
241.29	4082142140784073728.00
243.30	4082142140784073728.00
245.30	4082142140784073728.00
247.30	4082142140784073728.00
249.30	4082142140784073728.00
251.30	4082142140784073728.00
253.31	4082142140784073728.00
255.31	4082142140784073728.00
257.31	4082142140784073728.00
259.31	4082142140784073728.00
261.31	4082142140784073728.00
263.31	4082142140784073728.00
265.32	4082142140784073728.00
267.32	4082142140784073728.00
269.32	4082142140784073728.00
271.32	4082142140784073728.00
273.32	4082142140784073728.00
275.33	4082142140784073728.00
277.33	4082142140784073728.00
279.33	4082142140784073728.00
281.33	4082142140784073728.00
283.33	4082142140784073728.00
285.34	4082142140784073728.00
287.34	4082142140784073728.00
289.34	4082142140784073728.00
291.34	4082142140784073728.00
293.34	4082142140784073728.00
295.34	4082142140784073728.00
297.35	4082142140784073728.00
299.35	4082142140784073728.00
301.35	4082142140784073728.00
303.35	4082142140784073728.00
305.35	4082142140784073728.00
307.36	4082142140784073728.00
309.36	4082142140784073728.00
311.36	4082142140784073728.00
313.36	4082142140784073728.00
315.36	4082142140784073728.00
317.36	4082142140784073728.00
319.37	4082142140784073728.00
321.37	4082142140784073728.00
323.37	4082142140784073728.00
325.37	4082142140784073728.00
327.37	4082142140784073728.00
329.38	4082142140784073728.00
331.38	4082142140784073728.00
333.38	4082142140784073728.00
335.38	4082142140784073728.00
337.38	4082142140784073728.00
339.39	4082142140784073728.00
341.39	4082142140784073728.00
343.39	4082142140784073728.00
345.39	4082142140784073728.00
347.39	4082142140784073728.00
349.39	4082142140784073728.00
351.40	4082142140784073728.00
353.40	4082142140784073728.00
355.40	4082142140784073728.00
357.40	4082142140784073728.00
359.40	4082142140784073728.00
361.41	4082142140784073728.00
363.41	4082142140784073728.00
365.41	4082142140784073728.00
367.41	4082142140784073728.00
369.41	4082142140784073728.00
371.42	4082142140784073728.00
373.42	4082142140784073728.00
375.42	4082142140784073728.00
377.42	4082142140784073728.00
379.42	4082142140784073728.00
381.42	4082142140784073728.00
383.43	4082142140784073728.00
385.43	4082142140784073728.00
387.43	4082142140784073728.00
389.43	4082142140784073728.00
391.43	4082142140784073728.00
393.44	4082142140784073728.00
395.44	4082142140784073728.00
397.44	4082142140784073728.00
399.44	4082142140784073728.00
401.44	4082142140784073728.00
403.45	4082142140784073728.00
405.45	4082142140784073728.00
407.45	4082142140784073728.00
409.45	4082142140784073728.00
411.45	4082142140784073728.00
413.45	4082142140784073728.00
415.46	4082142140784073728.00
417.46	4082142140784073728.00
419.46	4082142140784073728.00
421.46	4082142140784073728.00
423.46	4082142140784073728.00
425.47	4082142140784073728.00
427.47	4082142140784073728.00
429.47	4082142140784073728.00
431.47	4082142140784073728.00
433.47	4082142140784073728.00
435.47	4082142140784073728.00
437.48	4082142140784073728.00
439.48	4082142140784073728.00
441.48	4082142140784073728.00
443.48	4082142140784073728.00
445.48	4082142140784073728.00
447.49	4082142140784073728.00
449.49	4082142140784073728.00
451.49	4082142140784073728.00
453.49	4082142140784073728.00
455.49	4082142140784073728.00
457.50	4082142140784073728.00
459.50	4082142140784073728.00
461.50	4082142140784073728.00
463.50	4082142140784073728.00
465.50	4082142140784073728.00
467.50	4082142140784073728.00
469.51	4082142140784073728.00
471.51	4082142140784073728.00
473.51	4082142140784073728.00
475.51	4082142140784073728.00
477.51	4082142140784073728.00
479.52	4082142140784073728.00
481.52	4082142140784073728.00
483.52	4082142140784073728.00
485.52	4082142140784073728.00
487.52	4082142140784073728.00
489.53	4082142140784073728.00
491.53	4082142140784073728.00
493.53	4082142140784073728.00
495.53	4082142140784073728.00
497.53	4082142140784073728.00
499.53	4082142140784073728.00
501.54	4082142140784073728.00
503.54	4082142140784073728.00
505.54	4082142140784073728.00
507.54	4082142140784073728.00
509.54	4082142140784073728.00
511.55	4082142140784073728.00
513.55	4082142140784073728.00
515.55	4082142140784073728.00
517.55	4082142140784073728.00
519.55	4082142140784073728.00
521.55	4082142140784073728.00
523.56	4082142140784073728.00
525.56	4082142140784073728.00
527.56	4082142140784073728.00
529.56	4082142140784073728.00
531.56	4082142140784073728.00
533.57	4082142140784073728.00
535.57	4082142140784073728.00
537.57	4082142140784073728.00
539.57	4082142140784073728.00
541.57	4082142140784073728.00
543.58	4082142140784073728.00
545.58	4082142140784073728.00
547.58	4082142140784073728.00
549.58	4082142140784073728.00
551.58	4082142140784073728.00
553.58	4082142140784073728.00
555.59	4082142140784073728.00
557.59	4082142140784073728.00
559.59	4082142140784073728.00
561.59	4082142140784073728.00
563.59	4082142140784073728.00
565.60	4082142140784073728.00
567.60	4082142140784073728.00
569.60	4082142140784073728.00
571.60	4082142140784073728.00
573.60	4082142140784073728.00
575.61	4082142140784073728.00
577.61	4082142140784073728.00
579.61	4082142140784073728.00
581.61	4082142140784073728.00
583.61	4082142140784073728.00
585.61	4082142140784073728.00
587.62	4082142140784073728.00
589.62	4082142140784073728.00
591.62	4082142140784073728.00
593.62	4082142140784073728.00
595.62	4082142140784073728.00
597.63	4082142140784073728.00
599.63	4082142140784073728.00
601.63	4082142140784073728.00
603.63	4082142140784073728.00
605.63	4082142140784073728.00
607.64	4082142140784073728.00
609.64	4082142140784073728.00
611.64	4082142140784073728.00
613.64	4082142140784073728.00
615.64	4082142140784073728.00
617.64	4082142140784073728.00
619.65	4082142140784073728.00
621.65	4082142140784073728.00
623.65	4082142140784073728.00
625.65	4082142140784073728.00
627.65	4082142140784073728.00
629.66	4082142140784073728.00
631.66	4082142140784073728.00
633.66	4082142140784073728.00
635.66	4082142140784073728.00
637.66	4082142140784073728.00
639.66	4082142140784073728.00
641.67	4082142140784073728.00
643.67	4082142140784073728.00
645.67	4082142140784073728.00
647.67	4082142140784073728.00
649.67	4082142140784073728.00
651.68	4082142140784073728.00
653.68	4082142140784073728.00
655.68	4082142140784073728.00
657.68	4082142140784073728.00
659.68	4082142140784073728.00
661.69	4082142140784073728.00
663.69	4082142140784073728.00
665.69	4082142140784073728.00
667.69	4082142140784073728.00
669.69	4082142140784073728.00
671.69	4082142140784073728.00
673.70	4082142140784073728.00
675.70	4082142140784073728.00
677.70	4082142140784073728.00
679.70	4082142140784073728.00
681.70	4082142140784073728.00
683.71	4082142140784073728.00
685.71	4082142140784073728.00
687.71	4082142140784073728.00
689.71	4082142140784073728.00
691.71	4082142140784073728.00
693.72	4082142140784073728.00
695.72	4082142140784073728.00
697.72	4082142140784073728.00
699.72	4082142140784073728.00
701.72	4082142140784073728.00
703.72	4082142140784073728.00
705.73	4082142140784073728.00
707.73	4082142140784073728.00
709.73	4082142140784073728.00
711.73	4082142140784073728.00
713.73	4082142140784073728.00
715.74	4082142140784073728.00
717.74	4082142140784073728.00
719.74	4082142140784073728.00
721.74	4082142140784073728.00
723.74	4082142140784073728.00
725.74	4082142140784073728.00
727.75	4082142140784073728.00
729.75	4082142140784073728.00
731.75	4082142140784073728.00
733.75	4082142140784073728.00
735.75	4082142140784073728.00
737.76	4082142140784073728.00
739.76	4082142140784073728.00
741.76	4082142140784073728.00
743.76	4082142140784073728.00
745.76	4082142140784073728.00
747.77	4082142140784073728.00
749.77	4082142140784073728.00
751.77	4082142140784073728.00
753.77	4082142140784073728.00
755.77	4082142140784073728.00
757.77	4082142140784073728.00
759.78	4082142140784073728.00
761.78	4082142140784073728.00
763.78	4082142140784073728.00
765.78	4082142140784073728.00
767.78	4082142140784073728.00
769.79	4082142140784073728.00
771.79	4082142140784073728.00
773.79	4082142140784073728.00
775.79	4082142140784073728.00
777.79	4082142140784073728.00
779.80	4082142140784073728.00
781.80	4082142140784073728.00
783.80	4082142140784073728.00
785.80	4082142140784073728.00
787.80	4082142140784073728.00
789.80	4082142140784073728.00
791.81	4082142140784073728.00
793.81	4082142140784073728.00
795.81	4082142140784073728.00
797.81	4082142140784073728.00
799.81	4082142140784073728.00
801.82	4082142140784073728.00
803.82	4082142140784073728.00
805.82	4082142140784073728.00
807.82	4082142140784073728.00
809.82	4082142140784073728.00
811.82	4082142140784073728.00
813.83	4082142140784073728.00
815.83	4082142140784073728.00
817.83	4082142140784073728.00
819.83	4082142140784073728.00
821.83	4082142140784073728.00
823.84	4082142140784073728.00
825.84	4082142140784073728.00
827.84	4082142140784073728.00
829.84	4082142140784073728.00
831.84	4082142140784073728.00
833.85	4082142140784073728.00
835.85	4082142140784073728.00
837.85	4082142140784073728.00
839.85	4082142140784073728.00
841.85	4082142140784073728.00
843.85	4082142140784073728.00
845.86	4082142140784073728.00
847.86	4082142140784073728.00
849.86	4082142140784073728.00
851.86	4082142140784073728.00
853.86	4082142140784073728.00
855.87	4082142140784073728.00
857.87	4082142140784073728.00
859.87	4082142140784073728.00
861.87	4082142140784073728.00
863.87	4082142140784073728.00
865.88	4082142140784073728.00
867.88	4082142140784073728.00
869.88	4082142140784073728.00
871.88	4082142140784073728.00
873.88	4082142140784073728.00
875.88	4082142140784073728.00
877.89	4082142140784073728.00
879.89	4082142140784073728.00
881.89	4082142140784073728.00
883.89	4082142140784073728.00
885.89	4082142140784073728.00
887.90	4082142140784073728.00
889.90	4082142140784073728.00
891.90	4082142140784073728.00
893.90	4082142140784073728.00
895.90	4082142140784073728.00
897.91	4082142140784073728.00
899.91	4082142140784073728.00
901.91	4082142140784073728.00
903.91	4082142140784073728.00
905.91	4082142140784073728.00
907.91	4082142140784073728.00
909.92	4082142140784073728.00
911.92	4082142140784073728.00
913.92	4082142140784073728.00
915.92	4082142140784073728.00
917.92	4082142140784073728.00
919.93	4082142140784073728.00
921.93	4082142140784073728.00
923.93	4082142140784073728.00
925.93	4082142140784073728.00
927.93	4082142140784073728.00
929.93	4082142140784073728.00
931.94	4082142140784073728.00
933.94	4082142140784073728.00
935.94	4082142140784073728.00
937.94	4082142140784073728.00
939.94	4082142140784073728.00
941.95	4082142140784073728.00
943.95	4082142140784073728.00
945.95	4082142140784073728.00
947.95	4082142140784073728.00
949.95	4082142140784073728.00
951.96	4082142140784073728.00
953.96	4082142140784073728.00
955.96	4082142140784073728.00
957.96	4082142140784073728.00
959.96	4082142140784073728.00
961.96	4082142140784073728.00
963.97	4082142140784073728.00
965.97	4082142140784073728.00
967.97	4082142140784073728.00
969.97	4082142140784073728.00
971.97	4082142140784073728.00
973.98	4082142140784073728.00
975.98	4082142140784073728.00
977.98	4082142140784073728.00
979.98	4082142140784073728.00
981.98	4082142140784073728.00
983.99	4082142140784073728.00
985.99	4082142140784073728.00
987.99	4082142140784073728.00
989.99	4082142140784073728.00
991.99	4082142140784073728.00
993.99	4082142140784073728.00
996.00	4082142140784073728.00
998.00	4082142140784073728.00
1000.00	4082142140784073728.00
