-75.00	0.00
-73.00	129736.94
-71.00	832862.39
-68.99	3014824.56
-66.99	8697543.73
-64.99	22380707.83
-62.99	54039671.42
-60.99	125468247.48
-58.99	283136104.36
-56.98	623261402.91
-54.98	1339079109.05
-52.98	2807250898.64
-50.98	5741108184.69
-48.98	11453939302.30
-46.97	22296290709.63
-44.97	42356599811.91
-42.97	78541901663.99
-40.97	142179584197.76
-38.97	251293264116.12
-36.96	433692692182.77
-34.96	730962568858.22
-32.96	1203321076094.03
-30.96	1935133707208.05
-28.96	3040612482191.55
-26.96	4668926874741.71
-24.95	7007649147593.63
-22.95	10283227167407.55
-20.95	14757112073933.67
-18.95	20716354030339.51
-16.95	28457976704171.54
-14.94	38267255036613.45
-12.94	50391078820822.10
-10.94	65008729228795.78
-8.94	82203399887007.94
-6.94	101938404380881.70
-4.93	124042010035896.25
-2.93	148204109197414.38
-0.93	173986524087233.19
1.07	200846846850983.78
3.07	228173682548006.44
5.07	255329386948752.28
7.08	281695232230907.81
9.08	306713624269077.88
11.08	329922584276207.94
13.08	350979052296740.56
15.08	369669376060618.31
17.09	385907246528629.88
19.09	399720977119281.38
21.09	411233137629991.19
23.09	420636028187342.62
25.09	428166341957722.00
27.09	434081761522964.56
29.10	438641367051568.62
31.10	442090811856583.69
33.10	444652407921073.44
35.10	446519660533673.44
37.10	447855430274952.12
39.11	448792761902022.12
41.11	449437450703825.56
43.11	449871554039151.25
45.11	450157240423199.19
47.11	450340556344703.75
49.12	450454854654299.88
51.12	450523755710717.62
53.12	450563602261594.50
55.12	450585426275421.00
57.12	450596478074539.62
59.12	450601382567930.12
61.13	450602990341908.88
63.13	450602987480153.62
65.13	450602320486040.12
67.13	450601483704021.00
69.13	450600707523792.31
71.14	450600077194824.81
73.14	450599604701300.69
75.14	450599270020085.44
77.14	450599043212367.06
79.14	450598895082724.69
81.15	450598801417554.50
83.15	450598743903092.88
85.15	450598709537962.50
87.15	450598689530707.69
89.15	450598678171217.62
91.15	450598671878516.06
93.16	450598668476920.19
95.16	450598666682936.62
97.16	450598665760317.12
99.16	450598665298036.31
101.16	450598665072682.19
103.17	450598664966020.62
105.17	450598664917154.19
107.17	450598664895582.94
109.17	450598664886474.56
111.17	450598664882840.56
113.18	450598664881501.56
115.18	450598664881069.12
117.18	450598664880964.81
119.18	450598664880963.12
121.18	450598664880983.94
123.18	450598664881003.00
125.19	450598664881015.94
127.19	450598664881023.44
129.19	450598664881027.56
131.19	450598664881029.56
133.19	450598664881030.62
135.20	450598664881031.00
137.20	450598664881031.25
139.20	450598664881031.31
141.20	450598664881031.38
143.20	450598664881031.31
145.20	450598664881031.38
147.21	450598664881031.44
149.21	450598664881031.44
151.21	450598664881031.44
153.21	450598664881031.44
155.21	450598664881031.38
157.22	450598664881031.31
159.22	450598664881031.44
161.22	450598664881031.44
163.22	450598664881031.44
165.22	450598664881031.50
167.23	450598664881031.38
169.23	450598664881031.44
171.23	450598664881031.44
173.23	450598664881031.50
175.23	450598664881031.38
177.23	450598664881031.50
179.24	450598664881031.44
181.24	450598664881031.44
183.24	450598664881031.38
185.24	450598664881031.50
187.24	450598664881031.44
189.25	450598664881031.44
191.25	450598664881031.44
193.25	450598664881031.31
195.25	450598664881031.38
197.25	450598664881031.44
199.26	450598664881031.38
201.26	450598664881031.44
203.26	450598664881031.44
205.26	450598664881031.44
207.26	450598664881031.50
209.26	450598664881031.38
211.27	450598664881031.44
213.27	450598664881031.44
215.27	450598664881031.44
217.27	450598664881031.44
219.27	450598664881031.44
221.28	450598664881031.50
223.28	450598664881031.44
225.28	450598664881031.38
227.28	450598664881031.50
229.28	450598664881031.44
231.28	450598664881031.44
233.29	450598664881031.50
235.29	450598664881031.44
237.29	450598664881031.38
239.29	450598664881031.50
241.29	450598664881031.44
243.30	450598664881031.44
245.30	450598664881031.44
247.30	450598664881031.50
249.30	450598664881031.50
251.30	450598664881031.50
253.31	450598664881031.44
255.31	450598664881031.44
257.31	450598664881031.38
259.31	450598664881031.44
261.31	450598664881031.50
263.31	450598664881031.38
265.32	450598664881031.44
267.32	450598664881031.38
269.32	450598664881031.44
271.32	450598664881031.44
273.32	450598664881031.44
275.33	450598664881031.50
277.33	450598664881031.44
279.33	450598664881031.44
281.33	450598664881031.44
283.33	450598664881031.50
285.34	450598664881031.38
287.34	450598664881031.44
289.34	450598664881031.38
291.34	450598664881031.50
293.34	450598664881031.44
295.34	450598664881031.44
297.35	450598664881031.44
299.35	450598664881031.50
301.35	450598664881031.44
303.35	450598664881031.38
305.35	450598664881031.56
307.36	450598664881031.38
309.36	450598664881031.44
311.36	450598664881031.44
313.36	450598664881031.38
315.36	450598664881031.44
317.36	450598664881031.44
319.37	450598664881031.44
321.37	450598664881031.50
323.37	450598664881031.50
325.37	450598664881031.38
327.37	450598664881031.50
329.38	450598664881031.50
331.38	450598664881031.38
333.38	450598664881031.44
335.38	450598664881031.50
337.38	450598664881031.44
339.39	450598664881031.38
341.39	450598664881031.44
343.39	450598664881031.38
345.39	450598664881031.44
347.39	450598664881031.44
349.39	450598664881031.38
351.40	450598664881031.44
353.40	450598664881031.38
355.40	450598664881031.50
357.40	450598664881031.44
359.40	450598664881031.44
361.41	450598664881031.38
363.41	450598664881031.56
365.41	450598664881031.38
367.41	450598664881031.44
369.41	450598664881031.38
371.42	450598664881031.44
373.42	450598664881031.44
375.42	450598664881031.44
377.42	450598664881031.56
379.42	450598664881031.38
381.42	450598664881031.44
383.43	450598664881031.44
385.43	450598664881031.38
387.43	450598664881031.38
389.43	450598664881031.44
391.43	450598664881031.38
393.44	450598664881031.50
395.44	450598664881031.38
397.44	450598664881031.50
399.44	450598664881031.50
401.44	450598664881031.44
403.45	450598664881031.38
405.45	450598664881031.44
407.45	450598664881031.38
409.45	450598664881031.44
411.45	450598664881031.44
413.45	450598664881031.44
415.46	450598664881031.44
417.46	450598664881031.44
419.46	450598664881031.38
421.46	450598664881031.50
423.46	450598664881031.44
425.47	450598664881031.44
427.47	450598664881031.56
429.47	450598664881031.50
431.47	450598664881031.56
433.47	450598664881031.44
435.47	450598664881031.44
437.48	450598664881031.50
439.48	450598664881031.44
441.48	450598664881031.44
443.48	450598664881031.38
445.48	450598664881031.44
447.49	450598664881031.44
449.49	450598664881031.50
451.49	450598664881031.44
453.49	450598664881031.44
455.49	450598664881031.38
457.50	450598664881031.44
459.50	450598664881031.44
461.50	450598664881031.50
463.50	450598664881031.50
465.50	450598664881031.44
467.50	450598664881031.50
469.51	450598664881031.44
471.51	450598664881031.44
473.51	450598664881031.38
475.51	450598664881031.44
477.51	450598664881031.50
479.52	450598664881031.44
481.52	450598664881031.56
483.52	450598664881031.56
485.52	450598664881031.38
487.52	450598664881031.56
489.53	450598664881031.50
491.53	450598664881031.44
493.53	450598664881031.44
495.53	450598664881031.44
497.53	450598664881031.56
499.53	450598664881031.44
501.54	450598664881031.50
503.54	450598664881031.56
505.54	450598664881031.44
507.54	450598664881031.50
509.54	450598664881031.50
511.55	450598664881031.44
513.55	450598664881031.44
515.55	450598664881031.44
517.55	450598664881031.50
519.55	450598664881031.50
521.55	450598664881031.56
523.56	450598664881031.56
525.56	450598664881031.56
527.56	450598664881031.44
529.56	450598664881031.50
531.56	450598664881031.50
533.57	450598664881031.50
535.57	450598664881031.44
537.57	450598664881031.56
539.57	450598664881031.44
541.57	450598664881031.44
543.58	450598664881031.50
545.58	450598664881031.50
547.58	450598664881031.50
549.58	450598664881031.50
551.58	450598664881031.56
553.58	450598664881031.44
555.59	450598664881031.44
557.59	450598664881031.50
559.59	450598664881031.56
561.59	450598664881031.56
563.59	450598664881031.38
565.60	450598664881031.50
567.60	450598664881031.50
569.60	450598664881031.44
571.60	450598664881031.44
573.60	450598664881031.44
575.61	450598664881031.44
577.61	450598664881031.38
579.61	450598664881031.44
581.61	450598664881031.50
583.61	450598664881031.50
585.61	450598664881031.44
587.62	450598664881031.50
589.62	450598664881031.56
591.62	450598664881031.50
593.62	450598664881031.38
595.62	450598664881031.44
597.63	450598664881031.44
599.63	450598664881031.50
601.63	450598664881031.50
603.63	450598664881031.44
605.63	450598664881031.44
607.64	450598664881031.50
609.64	450598664881031.44
611.64	450598664881031.44
613.64	450598664881031.44
615.64	450598664881031.50
617.64	450598664881031.44
619.65	450598664881031.44
621.65	450598664881031.50
623.65	450598664881031.44
625.65	450598664881031.44
627.65	450598664881031.38
629.66	450598664881031.38
631.66	450598664881031.44
633.66	450598664881031.44
635.66	450598664881031.44
637.66	450598664881031.44
639.66	450598664881031.44
641.67	450598664881031.38
643.67	450598664881031.50
645.67	450598664881031.50
647.67	450598664881031.50
649.67	450598664881031.44
651.68	450598664881031.38
653.68	450598664881031.50
655.68	450598664881031.44
657.68	450598664881031.31
659.68	450598664881031.38
661.69	450598664881031.44
663.69	450598664881031.44
665.69	450598664881031.38
667.69	450598664881031.44
669.69	450598664881031.44
671.69	450598664881031.44
673.70	450598664881031.44
675.70	450598664881031.44
677.70	450598664881031.44
679.70	450598664881031.44
681.70	450598664881031.44
683.71	450598664881031.44
685.71	450598664881031.50
687.71	450598664881031.50
689.71	450598664881031.44
691.71	450598664881031.50
693.72	450598664881031.44
695.72	450598664881031.44
697.72	450598664881031.38
699.72	450598664881031.38
701.72	450598664881031.50
703.72	450598664881031.44
705.73	450598664881031.44
707.73	450598664881031.44
709.73	450598664881031.50
711.73	450598664881031.38
713.73	450598664881031.50
715.74	450598664881031.50
717.74	450598664881031.50
719.74	450598664881031.50
721.74	450598664881031.44
723.74	450598664881031.50
725.74	450598664881031.50
727.75	450598664881031.50
729.75	450598664881031.38
731.75	450598664881031.44
733.75	450598664881031.38
735.75	450598664881031.50
737.76	450598664881031.38
739.76	450598664881031.44
741.76	450598664881031.38
743.76	450598664881031.44
745.76	450598664881031.44
747.77	450598664881031.50
749.77	450598664881031.44
751.77	450598664881031.44
753.77	450598664881031.44
755.77	450598664881031.50
757.77	450598664881031.38
759.78	450598664881031.38
761.78	450598664881031.50
763.78	450598664881031.38
765.78	450598664881031.38
767.78	450598664881031.44
769.79	450598664881031.31
771.79	450598664881031.44
773.79	450598664881031.38
775.79	450598664881031.38
777.79	450598664881031.38
779.80	450598664881031.56
781.80	450598664881031.38
783.80	450598664881031.38
785.80	450598664881031.38
787.80	450598664881031.44
789.80	450598664881031.38
791.81	450598664881031.44
793.81	450598664881031.38
795.81	450598664881031.38
797.81	450598664881031.38
799.81	450598664881031.44
801.82	450598664881031.44
803.82	450598664881031.44
805.82	450598664881031.44
807.82	450598664881031.50
809.82	450598664881031.44
811.82	450598664881031.31
813.83	450598664881031.38
815.83	450598664881031.38
817.83	450598664881031.44
819.83	450598664881031.50
821.83	450598664881031.44
823.84	450598664881031.38
825.84	450598664881031.44
827.84	450598664881031.44
829.84	450598664881031.38
831.84	450598664881031.31
833.85	450598664881031.44
835.85	450598664881031.50
837.85	450598664881031.31
839.85	450598664881031.44
841.85	450598664881031.38
843.85	450598664881031.38
845.86	450598664881031.44
847.86	450598664881031.38
849.86	450598664881031.38
851.86	450598664881031.38
853.86	450598664881031.44
855.87	450598664881031.38
857.87	450598664881031.38
859.87	450598664881031.50
861.87	450598664881031.31
863.87	450598664881031.44
865.88	450598664881031.44
867.88	450598664881031.44
869.88	450598664881031.38
871.88	450598664881031.44
873.88	450598664881031.44
875.88	450598664881031.44
877.89	450598664881031.44
879.89	450598664881031.38
881.89	450598664881031.44
883.89	450598664881031.38
885.89	450598664881031.44
887.90	450598664881031.38
889.90	450598664881031.31
891.90	450598664881031.38
893.90	450598664881031.50
895.90	450598664881031.56
897.91	450598664881031.31
899.91	450598664881031.44
901.91	450598664881031.31
903.91	450598664881031.38
905.91	450598664881031.44
907.91	450598664881031.38
909.92	450598664881031.44
911.92	450598664881031.38
913.92	450598664881031.38
915.92	450598664881031.25
917.92	450598664881031.38
919.93	450598664881031.50
921.93	450598664881031.50
923.93	450598664881031.44
925.93	450598664881031.44
927.93	450598664881031.38
929.93	450598664881031.38
931.94	450598664881031.44
933.94	450598664881031.44
935.94	450598664881031.38
937.94	450598664881031.38
939.94	450598664881031.44
941.95	450598664881031.44
943.95	450598664881031.31
945.95	450598664881031.38
947.95	450598664881031.38
949.95	450598664881031.38
951.96	450598664881031.38
953.96	450598664881031.38
955.96	450598664881031.31
957.96	450598664881031.38
959.96	450598664881031.38
961.96	450598664881031.38
963.97	450598664881031.31
965.97	450598664881031.38
967.97	450598664881031.38
969.97	450598664881031.44
971.97	450598664881031.44
973.98	450598664881031.31
975.98	450598664881031.44
977.98	450598664881031.38
979.98	450598664881031.44
981.98	450598664881031.38
983.99	450598664881031.31
985.99	450598664881031.38
987.99	450598664881031.44
989.99	450598664881031.38
991.99	450598664881031.38
993.99	450598664881031.44
996.00	450598664881031.38
998.00	450598664881031.38
1000.00	450598664881031.44
